270000	280.3592498088584
198825	283.35109258089574
67800	14.44526093872849
414248	22.3485898311016
391515	261.92755590261754
148571	391.5984338741428
184601	315.54040029406855
115645	283.32399464623774
124131	394.0544925262535
478166	277.5231012930893
188703	320.8390805619623
490625	125.69063557922821
213160	391.4320344555387
328235	134.81922296449676
80191	370.8683772429406
297671	215.08721841322122
30291	14.129056929011446
488861	90.45034765439155
266492	47.84023582166148
470417	148.70865769321745
261122	342.92063181143806
7455	58.13004048544175
198146	91.04088894499185
426522	371.6327315531678
50073	452.0582790538751
415367	106.96843838568539
452048	281.3062556700617
111552	306.098214785362
272602	386.60811011633655
443473	353.5193620432086
183707	340.2863096930722
13181	352.1276820043665
485406	25.211061000711272
265116	33.225041699748786
278592	380.29966377409875
340354	405.37418734603443
92969	214.901879762709
341161	296.2317726387373
380498	66.70543963522543
196501	308.63686458128745
270588	131.2308182806048
132086	212.86433930317142
389372	420.1378435299932
151659	391.3170071855986
158651	181.5212898135261
295806	183.95891905541853
291394	294.5182232372969
424521	431.88455474964434
233157	191.39508718407743
328545	326.2757305419633
290498	399.9976659723003
349696	311.03685199835394
120447	394.58963423303015
202551	354.33794399215105
33010	294.423518224154
4941	14.976011252996388
54650	421.21273079539264
329632	419.21121868183263
398381	375.188157764725
410964	306.59895445153967
178300	117.5175333475261
451190	410.649194407135
188737	148.01293994679028
265115	46.806780812057
399912	329.01567942413175
156304	411.2998464157134
362093	377.8634730672889
164301	459.0519399178342
180152	49.233209545358996
258879	398.7987444870772
319888	164.27684662457105
469957	62.39019982497966
407814	358.41334785344446
284239	230.37561590489992
382594	103.27262880549291
396600	320.9687960982815
134645	96.9478566665457
449274	46.29732899616556
405987	68.61850558776521
417999	314.37753495068637
18338	256.4782272362607
440532	143.51711652854743
254074	328.26075056762727
239882	296.41043326371624
13021	382.04537052016053
131280	274.57298485645015
129860	358.9508548775108
143089	301.174201985121
143346	334.197611767151
19290	345.50923657983134
361889	323.518985286097
234	107.58708414186768
394023	186.36914480017836
60060	372.78580887185495
271091	103.96704433991322
215788	442.14436897166996
26535	398.17166966387805
501071	15.598098170779467
105680	119.91144415931315
271532	140.58845429159234
11514	356.7582013609324
186557	277.8011095318584
388622	255.68687590118384
465517	409.3924631112673
64138	413.2287846905561
97424	180.4854101142448
447120	422.50335983149574
198476	10.201779775217714
9438	85.03677921444009
315159	261.82165364770714
130737	324.4580503876622
36090	370.22532323319507
513169	93.76950898001735
357981	118.5062819322667
93742	446.74484240144295
107385	274.37511060751257
486190	95.24935083370625
426458	347.98513488455524
279453	95.0315954880596
140764	253.37166026144604
173191	54.375250943652794
155545	272.2509842788183
461572	88.13188976987882
181507	199.82621109804268
359657	291.3341081641797
63616	72.62937283149654
273449	363.29835496490074
461204	129.9747819502108
458646	404.45084568698746
282011	427.94098017605506
497595	412.6013366264467
35186	377.7897828880094
417022	169.96946038567623
489981	81.8487255361953
380893	188.03778524067053
456657	408.31799940449224
106572	448.2420598519043
125126	372.15384963966244
423744	464.03275318044956
400025	356.06414703888373
179813	25.484461245810643
366482	47.99001772653447
453149	320.71830899527606
303652	255.89597745646412
411483	219.0404925465064
185161	393.95091197557343
278528	257.5265689467116
14442	387.87046591551825
454167	368.19083773492304
298948	152.06098056494184
188956	268.81744697761
347781	184.6976823270821
433128	311.15810827359275
242591	207.7095325460474
84120	282.50560118848296
132381	211.16258565475007
486249	318.836400740543
79915	166.60009894469505
254473	58.0749290577488
48942	232.221161125682
496051	125.8570796229497
79124	445.05548147049063
381287	356.5741096330309
276373	432.61369297922795
241892	66.24786545063509
496001	441.9827911177932
110212	328.6357363374248
346518	7.121880996616829
252377	33.33571729068618
370293	117.9000500032245
265019	294.4012148069847
378569	379.3685165459706
384311	289.93075464559644
36392	270.7658906237617
25031	231.69729912314546
300924	238.53772527819362
32274	197.46576499200268
289665	359.55319486120214
104503	45.663074059567236
140965	318.4528419720221
278273	228.65619565451516
299630	207.36654676128657
271011	257.96049780842
248325	360.4413831982309
405936	149.01148826609653
152615	375.30712647794184
487402	83.77144799533974
171865	228.57553523840627
131326	52.003982056316275
469712	254.15817641519533
82627	396.67591182708134
17170	324.47199784917296
444319	237.59010273872792
212330	131.2723928225772
194066	142.94605620630742
67737	306.28404435530354
376040	139.3830679473359
254555	295.5070275344119
271632	196.5278136560881
462576	290.59533874179306
56114	13.437007285501807
214747	324.2585986595754
142028	279.0233557122342
296361	79.93554686880935
503026	419.2746850939863
151464	48.052425268590845
15965	195.91193454581594
259361	385.63662158306516
269079	322.85106683536264
229365	146.77789679058228
404030	110.90070692478396
217579	15.542305824202831
337633	418.2330085671922
3366	341.93715975133415
444759	118.8904810042114
157212	380.0395129879309
5089	303.1614375726808
417497	412.6103144213273
53748	254.50079325688392
59077	430.9210426706486
267576	296.6568654956742
434952	403.37554781709923
49921	30.983297628521875
285655	472.6252047063994
62653	379.77557398996646
213291	362.8824655607432
189743	88.15467094150031
294103	280.4074991698219
6840	4.853318985012128
423723	291.62631255197346
22718	280.2692898127753
56107	5.111358787012586
141285	355.7371723922503
450744	82.39515815370935
147994	361.6314769659798
470704	411.65931819992363
193919	25.074673125083628
235085	65.0556072734725
303349	104.477245117821
334131	111.9415916112972
364959	389.44502724494555
402751	108.45324180030116
225141	128.77560682900577
87338	361.2362747360857
336929	328.07502559357187
433949	366.6054461940528
359630	205.9077692878468
368859	444.7945196494883
312370	355.4496040397937
423599	70.08327940982049
21295	371.9300020465716
9377	113.87652330538995
117471	393.3091585005639
276235	264.4577281033122
69650	245.68700147510455
491438	376.6497463920877
89284	317.16131841465176
237789	57.54997389429318
73341	411.9215548735517
317449	309.07948802420685
10926	338.1233116476709
344098	290.61373554258853
318125	15.834831771709679
412214	319.08832105886137
406443	383.1431801988255
424227	447.2499056205282
497312	373.20271204526273
312060	416.16108267364615
216841	355.85987404342615
319686	372.6962125689184
58750	53.275700855866305
261308	70.12474386513301
405893	86.34616418369697
150376	93.24097465889695
367879	359.690466771537
226908	293.12547733012997
430264	52.35186215366954
185055	174.39804707504953
448906	441.30524570032736
293339	257.63094856345464
483782	301.7742083131354
427232	105.62403950537703
270733	27.61854650639676
246148	207.08177136056392
393934	95.81112845515355
254849	300.0330879719461
59067	387.1678677495638
395763	289.10679393951955
477632	236.56669797686303
408008	456.95810619714615
330223	346.62360968867984
436338	333.44606396947563
319504	22.389777197650005
278232	30.919318245971567
120617	89.7345107152362
84510	369.7050565795226
295117	13.156450387053942
141733	22.204831740444206
432261	206.55946797382597
510505	230.5372149050441
167516	266.32337965162117
152481	256.55700883073814
254993	379.6171708836252
91963	181.51624802652805
249961	419.8161525587112
223637	413.81064712340265
273834	40.5160308003671
166333	153.12266924572714
76262	385.66474440376186
68126	107.09085871209768
276462	244.65133718331387
111528	361.2145751723384
131698	302.4777864606718
143457	459.89859528397045
276266	294.88126935077025
288979	338.29638824826696
379749	309.97279111738186
414842	401.8817453874654
326763	153.71881503646895
301860	20.861058437321496
485201	131.1572357255351
417114	336.9806276789007
192572	129.33369006737541
51519	75.20631691619353
486111	338.30011303229435
18445	71.30206313533856
424266	273.9674799499968
194461	362.3877937875316
242715	13.728581158413904
158282	378.69537636366925
56475	246.51336441611716
21990	405.862968213257
410393	132.46712941397095
394665	310.09328741649074
166772	24.57160960771603
274700	297.3585299376707
191395	364.6098040185502
13253	296.99904267352446
55377	212.4314311846706
276269	339.1610689617332
510994	394.7151337921804
297642	3.91880486134343
302834	41.38886843574602
330036	371.9075519391564
100567	363.2282465589389
155820	315.80923129708094
133103	168.63879141186334
509149	367.1957302020022
241884	426.94653029239066
152570	168.14455123428314
60216	374.4079196637812
66897	4.942907191485894
432615	286.5566673461032
113406	347.21932203467566
380062	109.6699040354516
42392	18.37184386908144
165000	393.7716268121663
333406	244.36037174973526
297818	38.303487397946164
104856	453.67609925015637
204109	78.88309172849786
340209	222.80628041816672
499401	150.90833620858606
332949	443.2371779010441
43270	68.01137365460652
469817	381.1642974394614
121670	148.1676277546334
381321	361.7984987523978
80016	38.33070802767497
191651	362.3551116430953
221507	24.169664723482626
140896	323.5527831699077
195185	82.85423545768606
189027	358.48386615254464
510938	419.84665530556526
130323	375.4556203003841
159202	50.45990492623708
336782	443.5117640388593
76252	69.05051958687703
251520	119.58129723420193
196223	153.03899943920257
501707	104.36632510322134
464724	357.18353378140836
1844	383.0822439801028
69824	237.2941517695226
133532	164.71961909244393
15452	155.53386478985888
60908	355.69262974392814
94968	405.38631135496246
67329	244.52066060411656
289943	357.1451735723426
456986	99.38297249350217
290879	367.38929615499825
192278	291.740339520786
124221	96.26174886081064
322226	408.5789349915883
353889	384.1383453643885
203064	300.6682314069636
198104	61.70339381583191
130977	297.5531733806125
94466	230.03040871294934
326552	309.34996932491794
351841	110.67752780297091
394594	295.3312241301007
32607	276.0890669050166
161612	450.148185663596
493628	370.59889559252395
183515	344.749078353507
463139	349.07846887450535
429880	187.6160490407751
134971	233.97354037795844
303144	321.24369742551613
342602	454.3380076618244
515147	425.922188751915
2403	335.34376608358593
56369	365.46252156923964
152379	244.45139472855445
442286	83.92398096359544
75696	446.0210537224406
168282	265.98523996194825
479187	134.19079495146232
327771	332.14799905050984
163766	400.9721229050564
389132	68.28126849741099
1986	417.67967237185877
466657	95.5713271018358
8467	54.128870031624004
399089	177.27707113812994
72166	446.5445194381243
507556	87.96926283845501
46944	289.3296762267115
291674	417.57160274236264
151942	329.4755245619428
256843	397.22005459248237
224586	268.34656580528707
118512	31.14839520825292
413019	138.87390544395666
423358	393.8067153445434
243980	315.3399299120596
208352	110.97317160553096
152452	308.72944762086706
418449	298.07291918265594
309829	99.36649642512913
333374	443.12905976003196
109598	425.3144353707719
121421	287.86393562453236
249955	410.58683926805026
247763	446.4730220877183
182152	462.5976998832091
81628	175.43110172340113
465600	386.85952157334793
133144	308.90365762290065
185369	375.7702133769125
330836	397.997884308173
142546	299.69298387019245
285556	412.34086558313646
83245	347.7760032642329
493747	379.5137304476067
225082	457.6429712516576
288798	262.6219914028419
389431	432.8844405031443
341211	419.7802148820968
384125	5.880333757396321
340861	53.68296033622574
326148	108.68066874203186
53693	269.5696512632552
351958	414.9035000595438
410365	355.02021502013895
407875	324.7365578610261
254107	186.55115511042015
281546	276.46896058245073
60930	70.16148229007169
350257	311.869535964437
505059	383.96813412394425
43195	49.94944324719132
442667	304.9558483214679
389170	32.706053396660224
282717	18.68612064627666
314729	395.09912522855535
92114	217.53808555885155
18928	35.50217485805208
226714	231.34597102415788
69755	89.35139333998775
458873	145.2358972324997
410337	303.4470360659979
338864	351.2704524026775
281669	234.68703544400668
489545	159.56601746707838
189286	232.6114656517582
339163	319.630210257383
33916	292.6534397759776
383394	99.47797739357192
410624	398.0121525000925
63148	83.26030442672148
138728	224.67057983130164
315509	92.9255499519256
12173	383.77294125787245
51989	141.63464575620918
488826	101.4092236490424
221057	253.2633600229459
99290	301.5802325139636
505450	448.8132030865773
56836	387.79864759821356
236198	229.41328559573014
261618	51.4053572926566
482254	364.89676835303123
466987	50.959918458747715
316295	398.15977113101803
277925	8.820148787321234
93962	346.69262290946745
298042	378.53174682193935
280966	125.09703438008012
459676	335.9494206148641
492620	356.6109785233868
143654	296.6394348001364
3727	15.619181016049431
309854	362.71423498846343
504050	108.0277681596908
143135	112.67291857700505
392802	137.99195723608184
498716	405.8937777077751
54340	152.6403035150326
244123	56.5494773613393
348857	58.66752497438794
81916	230.11468685749284
142824	381.23783891997874
70146	310.4997179994286
419377	407.78828703497163
412056	267.9272576335613
409195	377.37791937468995
279731	107.54723825259676
240781	366.9804189708945
17043	106.685396498972
276179	31.092142005445705
490927	297.9615294636642
390411	138.23587030822804
93694	74.63923059849478
223098	242.93531242623297
468200	8.222576446478584
123943	115.48596629730545
408941	380.36536214913815
430592	454.1718475185548
291637	235.90230893824054
214034	371.19254030489464
73644	221.0850053058004
124754	365.2245733862173
161921	420.2575229493047
120976	433.6984746696333
302562	445.16487980198195
200254	36.0107472417054
335436	402.2381840178892
505012	266.87466904769275
256514	38.95115457971168
205479	338.4911720738874
281350	37.23324550629031
335839	369.2606447375027
6406	416.95219670342476
505690	302.3251686718079
254870	104.1684151584792
329012	231.3290124946667
6619	108.37929761543676
326025	298.37226742788846
365712	319.53776030900764
289198	46.01072282810009
380559	319.9951380572526
151971	10.316464145417946
124004	393.5594975895032
468647	445.6664827286658
196067	147.44302190935753
360501	35.55387389288627
52578	378.7325539638646
108815	355.6937870585146
350577	315.48762170268435
278086	142.0258650924485
359836	422.42707694851146
443115	370.85958673043615
129666	313.34937605676566
146323	427.01318002802935
284266	6.795669517634061
227710	346.07400714155284
138152	146.14034188543184
410588	109.71248062728604
389924	372.4362611158546
195262	342.4443959538207
198451	371.52719759290767
28893	159.83940759316624
203671	249.25758717939235
199171	81.1048608884182
457847	9.200216232643898
74212	28.75613334780687
436958	309.3958162052578
457503	211.1653160554692
316615	411.232284750677
492093	180.8083555773172
454180	366.03837685568084
170952	395.0925831197058
314353	417.12026474481263
401507	105.71900234099778
309085	388.7973995334173
184983	264.0638719615324
152331	17.491706658419567
106159	327.32060335307
235882	121.44635382909735
505591	254.70420609902254
337318	37.792314413736385
368683	62.291499720512896
75665	392.8100817292492
156395	170.70606027055928
88995	349.53189245201884
229388	276.45782435518777
62693	23.456736444374293
129413	104.8381859254157
502377	27.043830018773438
214552	238.33095402497003
491067	181.37234024670795
120453	313.72434863101006
414653	70.78141102275292
360950	415.54930455864144
97861	379.3963523862325
30825	162.2594374589877
395626	56.29691329632595
282734	71.6781779198321
245161	266.7021911793711
237993	432.98170767036316
216237	380.19450705412106
158955	434.96722101827277
429191	369.82936594285377
15300	35.690075621103944
242223	433.408952528986
120637	279.29646126423614
134429	373.5564248650983
193131	305.82983617656834
267348	373.67299595639685
144012	343.1052965616214
356133	279.2338520174584
276237	80.94538867965699
501611	223.86478468444548
299257	344.00845974179424
160712	415.37579613730327
443557	391.86973094481624
205060	360.2925781656302
422012	379.28485034896005
375275	22.556888657154083
193806	238.4825330349852
397726	385.02666208757273
355636	135.43789218369187
20165	44.339116240474375
148595	48.78250010942515
383109	72.41072720466492
419531	407.3245414673387
134566	103.72763357468975
255876	217.28103759795448
201369	212.3898801972974
151739	181.61762907350897
274427	249.23171268601754
69561	362.0201577440187
413228	130.85274909965216
472683	123.90987730838037
324699	341.29407230292594
287885	271.7099872479983
157673	262.7644130328167
245848	149.59526712189592
1439	363.00285225284944
267509	332.0287568698949
65935	440.5296007481836
294134	390.5588826974986
322084	93.84956494947697
379086	195.2762992270318
56883	33.75323024634179
58322	305.0975426731691
394244	335.2208297147759
174830	291.542682888307
172568	179.87348865486578
120093	298.5826495929301
56282	454.2512502305426
165640	137.46749404469313
311487	403.10598313838057
42780	350.95623224090883
165800	357.3728870335729
221265	407.4295059754662
158593	60.861573114966816
291994	330.15197394919437
432022	96.2513293000854
422373	376.4379128922211
301658	437.0039329589173
473671	48.619227204813896
242074	311.1514640343303
225426	149.98411448308792
209920	362.52964558751887
100930	388.6432767602527
350161	398.4097553016204
141873	283.29631204418405
477764	474.2858907767551
88354	320.1050158281822
424647	444.1192251225128
349193	440.8534114754228
37374	282.1932276412188
238977	432.22865505350165
301600	16.98052662420063
14473	244.40195944465302
260974	13.410910139484717
439374	310.74763717282246
394386	315.6204996290005
20732	421.5266168626406
207261	109.37338180564515
438479	126.14106534223004
243375	322.7838031026328
445674	314.98469668214557
165628	206.53974320687917
502192	283.2378770537193
369138	107.634308670076
365215	429.8264421534931
337145	390.49340283708364
421682	175.7382028298815
15543	179.12876351875065
33977	14.147191839049688
422162	294.36828430032455
430488	427.23465279053835
302417	317.21854709477094
159200	19.788893007990495
514198	97.91567264541196
49386	385.19507311059493
68928	364.097964187331
458914	313.35046797836026
394624	257.71378458200655
230681	347.2423942186159
358128	438.49895244202423
403	141.908053429633
21275	56.86868920349962
348156	17.51533910340307
354570	314.06602570057754
484726	365.8427976351399
37806	109.43570076708711
475679	334.1264588905158
236609	164.0029205816194
190073	434.3786997059746
454052	110.50016204175435
215290	323.67870270599354
486419	412.2708210330242
414996	42.27894140458816
326740	416.36866152587953
79256	385.0638452315292
243061	367.8474865169675
287553	82.59310259821956
485785	2.4114066584080214
267572	293.19035755369526
120544	103.85538295931136
190221	451.34133711909163
386571	422.78039187453714
386104	385.478872724542
413358	412.2303389017799
109447	399.8571848000272
71048	21.495135735679
389898	370.0946273796814
487270	37.1895818066595
55286	438.43727085695366
59225	392.28592835367067
140642	422.45754193013875
328861	111.24823755997319
295564	119.97907027538508
220953	329.00686649569667
95160	29.156146334570153
93364	22.808444149344552
16112	261.08830887922045
420854	87.76611096453207
425937	344.8289065405983
448695	332.63755989536764
464943	370.4448799980059
28013	430.5143232608482
269146	386.94177397421254
375849	356.6339452527798
452205	293.03974726657276
487267	315.21459995298784
332140	4.1836835680560975
253661	215.2233107915102
186392	253.72818026964072
80023	2.2967656702554784
345536	68.89443488059193
33616	362.6872607903144
286846	441.2693205080157
195417	312.6283316439567
456659	417.300156127871
158168	324.46490365936137
241193	383.07060052464556
354212	375.75282636381144
166176	107.68167972753339
416228	410.19380900901575
460216	10.626407908959733
118973	371.10727633203106
508462	22.807340386450992
54941	114.17316822890363
5236	402.5961961473784
323778	377.71953557860644
442229	441.424913854407
311464	316.2489572141211
491793	164.43758202052132
56549	319.1893405098006
417576	331.8659647487765
373050	430.6827129391356
456157	79.89797281930001
42768	4.778231828798214
224073	82.61063764588076
328365	330.3324349822533
430027	386.37984271594604
145387	122.09772535524469
151530	196.69226842104302
198450	339.76220138341887
164563	371.8360138722085
322569	371.9756473685231
200536	207.45299531396344
345241	340.51827132732035
489934	380.54409811301997
401028	442.26493206917553
60791	433.79968408615105
122410	346.30154874211394
359902	13.79101875743479
6838	406.9420845992946
430620	424.85525460590696
94883	346.5159118729664
224539	262.0379947319104
356976	234.76423961171744
308528	348.56555425473977
70890	369.7040431968382
117160	166.94699084567807
186014	4.890332268134936
209339	221.98565484784842
359757	39.444149425937354
251328	209.0557909961419
220675	311.54287177525106
206646	412.7043300357015
396674	344.64203818375046
457317	39.769578550638215
45065	267.5205124799423
75425	446.2558959798941
500858	377.7002272920697
173782	261.62826708902196
272551	26.189492440589245
355951	372.2326595846629
209031	388.83565007820926
469316	332.26931004057116
99645	193.52642928302677
188230	7.86253317546164
363069	91.4112185259983
236698	409.3780005346914
202096	268.29298179851594
502916	293.2819747391857
432211	124.00079887267418
123835	400.95981592293776
162374	55.51855696178702
232140	315.4945733406085
135768	198.58602803573643
465221	307.9730361566141
376158	143.992313583265
137888	362.3075556335108
80765	313.422592518421
387610	345.42832610699065
15851	421.19556573351224
24585	278.4403267378983
393202	52.76013251447429
117038	442.2973414969784
330902	111.24095255413997
280241	9.683853605161282
18692	347.47354485838827
105928	385.8605941382076
30798	312.8941018401355
161126	296.9483156714505
50407	107.91149215997693
135691	470.2750558060794
379712	302.7915031769712
40580	293.53245370526423
374453	280.44717962464546
162403	210.10221809893287
505767	271.159319551206
88558	184.59730948718877
362712	317.6102798268486
444220	51.68297819267414
367278	125.4581071007335
176242	331.7490121027661
136904	305.1462383524462
400615	68.7479765320466
357021	123.49369476139451
14834	259.829269554877
422122	413.6822237664051
199468	115.60034447568322
323773	351.4389378117899
512310	329.3530120547996
399627	89.01326777412679
111631	377.1036335022802
291062	377.0343253174578
461010	67.81484108990125
298717	387.331995923272
475646	314.0637192373855
397740	64.12001935931114
182878	388.0019462729529
79756	92.05962349347003
466490	88.16231650230289
295304	307.58472242888354
423492	423.4628058505768
188180	160.56267811151915
481526	307.891796056665
288622	120.43761486837546
101283	361.06994249511627
359708	255.07615246478798
157001	289.6191257154151
432068	415.2664827030597
437826	163.7030892634323
404257	17.773665335316352
493191	332.5720983099738
214711	321.0213835074516
514437	237.03952423372547
307871	387.80978317266914
298865	297.5370546693828
378834	275.32404916424997
351022	277.6035432947245
3597	423.40124899545316
342473	401.088997776273
234766	377.26298235365465
312183	23.57220932905927
152308	156.9386617779157
454151	45.55065157350729
246449	408.1085363430466
406624	374.632676532904
222681	104.07868369153873
29678	9.283343647123687
109681	270.4475598050911
296113	304.63641210764587
255517	33.9568692433908
365127	96.10813036515364
407171	132.08158836173172
212260	395.9068891517115
133407	384.0086835742541
504806	262.8334361914217
306280	83.80621747502828
513674	277.9358989451323
293015	428.1820172718156
385982	462.7993429858329
343118	421.5071346247726
369705	15.713026772243587
454996	49.0309957880201
58761	173.02439955847123
161103	9.01368648230752
242568	310.9133024213164
140109	341.3292390033823
93530	71.50353307269769
259734	141.11841954719273
336608	85.91091802538051
505396	326.7351202600997
88555	254.53514736411807
150551	223.5641083593933
293174	244.55024700196105
266601	315.75005384965823
298457	275.62757283846594
464457	421.0691909257245
432609	23.50062634149131
221607	433.0783670456253
201005	155.65771809898322
174779	314.7364801299783
411517	409.4531312462478
430241	15.3075635958
424876	52.47083451485664
158525	342.1844721981418
153240	238.89825001451013
155570	315.62873565929954
210321	314.447061325984
106103	5.7564641754304535
280909	28.294606876455198
142065	167.2036843670815
31066	71.39887069837171
177013	258.9916789618012
411093	289.93438343401755
288075	325.3181268855183
442035	21.330339094606398
142162	436.3258803025431
304742	361.06836243440705
83925	139.57207780250184
441826	266.9879696965451
159387	292.057146439583
178922	425.8715582829725
426815	435.5929295236707
124216	0.9784923233754362
168092	110.7045694059031
260789	68.55118404616594
231983	302.7139545812146
1327	395.6617875134763
288958	427.946437338255
410250	390.6617714499079
137076	254.6031389896696
403210	202.8930044974933
368169	190.32096170101806
315780	359.0447109067509
452656	381.1501700275731
406386	399.339673881153
468189	153.54025057505075
490902	344.55502048652676
295582	256.3754874700344
82916	416.9885559428854
423958	369.89629963493064
455048	4.008757696748795
249244	395.76061497229875
400720	24.853914458949927
238890	365.06896989458954
223446	36.128064467140696
401674	273.40837440466134
262337	376.11814158226105
273914	365.01953136195186
166121	282.08376744700814
366400	336.9705021135889
252848	432.0653470056172
32934	326.1911363392721
29244	200.64103676938365
115906	395.6965597059769
366805	459.5471479579013
401345	236.35710944412713
9915	311.8647991390636
506560	71.80939452326025
219766	383.9083850327132
202341	337.7715102221024
140978	267.3609223836297
74964	76.70670570294227
180138	84.50565271345249
257212	260.2976348610817
275912	294.67148245157784
294896	134.09205555091282
469087	229.63514885081568
330232	377.7713781559392
51085	350.94496821480044
240521	369.9713508102864
415269	136.26319743697678
12701	389.33623186959875
255852	360.71207943848293
115305	371.43737107565084
399867	25.39534124822704
352419	19.697991737429508
383120	134.12579297947818
161101	5.43444905998926
234043	169.88548748322117
367349	398.2846144396206
61853	4.639953891352457
380895	193.42851046071397
71751	374.6586893832787
62619	284.0575720039506
281166	276.37314211721474
213667	410.8897017355729
332017	39.48276669020212
130164	359.3348960399449
360567	97.90349907754268
153152	122.46726907077202
418264	199.32200924278726
204688	47.429166277609625
349734	44.51541300033071
220952	362.3755258379988
446333	274.6599900179566
416374	372.466508684655
434346	401.34059405410403
16132	287.806017437655
139408	107.82127041139452
65342	346.2751908179667
474468	40.124978527253724
513811	104.72935284366284
232429	449.4144742409733
272409	255.0925295525314
153430	372.2087102724721
123029	306.49734141833585
361259	345.92411413601377
163658	74.70543282174499
252535	421.813473392609
356325	431.33709631226657
320071	282.27352583961704
127952	187.6417716889324
355965	250.27665832169953
50479	24.094897698922324
458416	42.07590937333466
484960	94.66338088425684
383141	134.88148250714792
89487	432.4572710478578
272915	265.8153519361212
115525	164.12115276100704
192614	163.3658720315034
25852	275.7495472287562
335852	334.8705590067054
188523	297.95343575290065
16451	416.70958603009177
275264	254.21913711931086
129658	314.2614666366224
14921	370.0999053125956
502371	14.562377340631603
278195	409.2932096155133
443575	379.62671143833154
276996	362.33721216241884
206648	399.2718936927621
2940	451.62346821472875
184422	411.1185469332848
110905	341.8635068872547
472281	367.6525422647951
456782	307.7470498156411
504601	24.329967939575923
284868	288.2059929670366
82283	395.554870169092
493869	445.03624256380994
289369	213.89921777950238
214727	415.65080485219914
472869	273.48813818666713
120426	333.5083381775365
307673	417.9250527056832
204997	341.81432294622067
306840	113.78298986274385
206377	385.4081994782401
405955	372.870255908979
34490	323.4793139223272
398947	274.3861406512984
354544	150.2989400148282
10423	330.720719131094
42005	68.82079668368617
123089	300.10847705731106
108307	326.86521255506614
394271	422.9588664017338
379121	28.045129435687013
456997	290.2287856701017
52638	413.97733591904233
99047	323.41264080792365
19880	224.4423426550966
486799	387.3373355757678
55917	363.4351145627443
45081	78.7941387578266
184127	368.2165894597507
462	417.63367861911
449653	322.087971133482
16798	13.496694489955395
229994	19.93779207620264
382809	280.1440112139777
228813	195.25850784315588
250221	156.18225860296965
467694	458.3585738363321
222173	243.1522859884904
231593	49.29452583463955
442858	357.89457704302174
129042	396.05068738440985
450038	261.976072058159
438131	77.4081446646764
187054	330.45249675029356
270396	284.6178787308278
455145	361.96423626065945
350580	306.94024277382783
461363	347.6572492750147
69863	423.1467749714417
449044	12.019802591295567
262471	412.67380196095854
155154	32.299353438877525
434577	305.57849894556836
257035	209.86498402154328
511032	428.221723038829
199090	420.42478113536924
481160	406.4656791984919
466743	121.94420984715698
182130	220.92201284807925
408136	355.9793738507022
423285	147.48054286456144
196399	187.02171767851385
96211	291.11098242661524
492202	416.6766384157947
350946	104.99884439085513
374947	187.70323904366046
480838	376.2762280885881
132766	224.01871573484777
223303	27.62213406044776
2277	78.9312917822854
120160	406.3373940572505
157464	300.26749477049157
6033	405.2929971671412
324890	398.9716660095432
143601	415.86499767634115
146710	374.06243055596053
207007	319.5719681885848
155474	161.34989750617018
229015	398.3473386669723
324680	157.04127379737875
231541	361.7577746696734
439983	468.56392247070613
101847	331.8321654437894
223278	346.63071374319253
374281	365.36305706550525
135583	249.84993860718296
434940	38.40724012333574
235456	311.4596080802866
497668	366.50747988862145
299651	265.53890473445676
131126	21.14578483669429
497082	51.73497493055156
462345	195.33722230509312
112945	382.6372475244431
299564	344.31351260774125
450850	357.49752503668645
289642	346.85380038957294
151249	321.05155577300184
391267	60.427545064977046
36153	93.38203987704746
405261	110.3266378986044
333034	151.39341635892796
469088	195.51214866122368
59052	332.1351382016803
335800	279.1103241890716
121468	124.85849282157055
397880	225.03854899317307
19876	63.652589073706366
446043	141.62443295027222
324624	284.2112522041008
245814	341.68428519859884
394704	68.3906790307682
406571	325.13580916915333
316761	372.3757518382217
501731	223.26609608801593
494916	331.62441570867475
33508	10.036720844082987
36957	147.00827577171088
211723	396.5380310562968
335753	56.09331123273494
155964	338.8492336678985
338833	116.8802921255942
396799	251.57034163237535
483366	83.72142169510313
408319	8.88549834233651
322023	405.16105835333803
389492	343.63825645654765
469147	436.578868852055
5093	247.96923874746835
515344	307.9385044935172
480177	280.2847136711564
331065	328.4945368307288
372470	458.840092941351
375285	429.27883058713326
504609	396.28095330726694
347230	225.4860470979813
418146	362.56647554693336
317991	142.79400526275296
475944	93.87008578055453
302451	335.1573799208115
410880	302.74813545809656
16749	92.95941554631838
24870	407.55657988496813
153215	252.7016908263782
89972	406.7224827980477
194193	348.7782062807056
38292	216.4500677172867
356727	348.3127680209144
137599	236.87705257935247
8757	193.67832035250922
483477	394.35878659617373
408822	58.963732631888234
153982	95.84282742502256
45746	112.58437304177004
308045	386.22877432138273
352455	375.7003271476111
149122	111.39086647905789
154109	89.26063728004699
428743	238.18149885992833
512578	23.264592072753235
250114	117.73416948017068
37835	409.98494897576944
155380	420.1891968748819
486682	336.46719880958693
428947	311.6377815055343
229199	43.074517204740054
239463	239.60895877180954
336591	278.733899262194
188641	389.83436503858786
425049	128.59589178484578
391555	61.939868163024855
155249	303.9645319032583
231249	355.26549223792904
93929	365.50615078148536
426813	44.822000058247035
347788	273.8926014848063
417145	76.4946620472552
253188	70.50590332373758
392921	37.281639147425544
264686	270.19806451744984
196272	429.88979981223935
500214	250.3905743703057
95005	374.2021097762315
242084	291.4724707967844
769	373.232722489496
257402	260.1134537548593
328880	147.67757046072342
511026	161.01857298328403
288887	215.67035510998537
263108	112.26418498639498
416231	404.7790665705869
173508	345.1896504238666
300744	386.64087420978933
279284	269.828311072205
189368	18.164175457922692
403109	364.95354508657715
265144	414.36080598312464
249635	416.5918680502247
312008	276.1871988263901
293298	158.67980094456945
84601	167.92181387405455
362745	368.4300761897127
342744	438.159044601114
248858	368.67255740573574
367570	274.035067560302
105331	120.22583736823184
40745	292.09540568459556
499200	179.52074586285892
349939	345.1192483499152
267762	379.28045832263103
459717	406.7735517580731
150246	147.01118501457918
266213	34.32895150851425
240638	453.84447612222584
333051	387.84516250587495
203544	406.27010654144965
184255	10.962658087523886
267670	278.0739838101793
11417	66.5814808607803
457862	261.42967803199457
260149	98.95383990061426
358091	432.1948998527467
26603	369.6139879245433
87023	304.3960783726248
250432	294.6708349946262
293691	348.20152588701023
306478	314.9141251786633
257384	168.0458536768083
68253	358.94269316922475
128664	344.65533247458745
3413	322.207018588948
74022	57.063124883877734
67131	402.0761814627457
277451	356.50971226175864
180939	260.8408420522964
126665	339.2001263645579
335051	22.90278315213075
166977	110.97862006257442
198724	424.33435737142406
192580	42.28919784061707
78374	284.81029404422776
491337	428.77016192892717
56784	82.55031900229808
284245	319.4945770323536
342876	430.49284738284814
117223	350.9318493975678
345096	55.935266532066294
393217	28.744244242553748
59333	180.7409539647676
369921	359.6125986206442
493708	165.70173559480543
38490	300.3445349372382
514191	342.31837626986436
330638	84.28613942066427
282365	15.684985369155237
501744	304.6755653790543
141313	63.45535363006043
473101	148.08574090544138
140409	309.9838791013905
427634	144.35648114922236
21707	129.4440764977371
354295	413.70664955104917
135538	399.60205848794436
316596	30.618128637947386
68764	331.7450986565627
8910	280.567270410429
341392	397.2715363100398
398059	300.6266543780828
245595	104.44663399662218
363604	103.34764995836672
97992	398.12998760499863
480832	312.5825905680915
265286	383.1979862671779
358689	154.5146048433728
93457	362.7539087752789
321814	7.8294530449406645
187226	331.6465561125666
189460	300.3232236096334
320178	360.32243085436215
70976	362.84893438801384
297446	457.02516645959156
148194	409.93398829012506
70249	183.88381546557034
55386	280.9764217645597
484203	89.11015973812945
235723	420.47803618600284
20286	265.18654841058793
406849	252.0473862741295
424435	374.61849627028937
68328	370.774439478281
505024	434.981193041448
352351	363.3550624136091
84861	107.79301480811783
103496	306.0524350974982
346531	59.722627032894884
295462	406.0485322553724
383772	32.19944027165771
143355	471.24458508721455
351807	135.7550083679214
382982	334.78763874063134
174402	295.7432515323379
364216	183.98989484225436
225289	438.5857102197031
265238	400.82490979649765
499253	238.4769678005487
40763	277.24916064395757
443016	143.50816757829767
355584	356.0871172420483
23220	367.91717621627726
65466	30.673243340768877
229115	85.68199414909542
183764	306.40795528718354
166276	381.75840184079567
95723	138.41472619649653
130447	322.5103279353792
217103	276.3017044335226
274861	356.90170775946024
78719	340.5755593980664
280833	314.3869625199962
220757	372.6251089874613
116895	96.79768180595654
126626	178.01685515334242
152203	330.9161620414062
66262	358.9205996564084
277737	142.37666275195494
20167	55.61815619591363
407884	91.11551090932484
411241	311.8270028723634
16755	26.93397291568201
427853	10.471281628232912
222345	216.97576390576305
53639	245.52687688595987
478107	236.05771976587877
261925	304.3313723616437
25978	323.4745245385413
384163	231.69651691238536
167812	344.902416153219
86584	100.69156193776195
91846	299.9917824141648
241004	287.91126254014495
300205	21.60392719780539
124682	92.08806606461067
84562	136.7165472998125
179223	414.96336365230286
41927	261.0399137424823
257342	340.4391725680374
429266	325.1625410314986
488505	66.29325523755195
71011	24.14453806953295
134141	6.452350289563448
247128	427.4622829358615
298141	421.2697550323222
201306	243.35735427954822
360246	329.7746969047358
365202	38.88927823917494
335210	361.58882025599553
143821	156.49468705975542
172058	242.85608691291068
464882	328.99125507893945
31909	420.150311935446
240875	325.84299480392747
363933	463.98697264756026
484402	298.9412991565629
501688	261.78786961728434
406105	267.1439791726471
426276	51.210604135722754
315802	360.38792897041714
55313	318.26326207158917
47327	27.314858092204695
298513	344.3022083668994
270386	349.597694732468
370925	33.805201546454185
398770	445.58867230354537
374941	210.96641185793624
242476	457.6108478062287
95215	64.19830072221947
85045	115.76129351261258
411190	6.688777091603833
381965	196.58492577369128
425558	251.5330625596867
107775	422.95133375034584
80427	273.78922233003055
512666	397.8925154449422
202104	358.1706596527131
139379	257.359059068058
313423	301.2692770285632
259675	259.32617325558493
107936	303.9741107309323
412093	155.0720361144915
172400	145.08397447137548
144448	39.30242452832815
55496	347.62059649659676
136652	244.35831729959017
413713	382.684571577163
312192	229.36763132138802
215230	73.23603847708976
228089	269.08015175149393
304709	333.4036455929788
82100	429.2321218179069
83517	378.3306821519974
36180	305.99016087431283
66905	15.470604795902066
405996	55.054713114887846
308356	400.36399525222174
484062	79.44163991951037
134474	342.18837099053343
113458	379.128199808896
43005	424.2241889287731
235989	121.81903581281334
366235	335.67157702263717
395478	75.40679826810164
227825	395.0572223112647
339892	426.20372037567074
464128	457.47711234484944
167398	235.81311149094006
147814	352.7697988342029
339361	396.182409043481
366835	362.11799271161493
47535	448.2316160150235
365204	181.92233383775337
336433	116.07126586303744
408563	398.5953800707542
99020	375.1263132425762
537	420.2165724759793
62718	376.8456174850432
405637	403.8458456046561
154872	189.66056300751464
412123	342.542255927972
291068	344.8640535939911
33376	346.46712418991416
208328	395.54633635381566
244322	268.7044828430459
352382	411.4793161372035
73604	188.58492499590653
309797	455.034685309356
117357	79.50540506809126
406002	60.33893855080529
129021	46.19377582150053
355206	328.494460340093
224192	377.740629699603
228660	347.4764452242899
296700	109.37321269677433
423716	288.25737349835623
495698	384.85551123392196
345990	134.91136474333777
340667	29.897372507079385
218279	228.75786303183264
298008	226.38308188918245
169646	8.951739781832618
149559	57.84181214330897
153841	249.42747055352518
298778	88.50653066681852
223321	409.12664830354447
509071	53.75923778272476
96332	447.9995906281411
58701	164.45331240614888
499949	229.22718170635886
478989	370.49041742222687
144126	44.69070771036909
443514	295.98962688592525
451901	384.5846759607604
326092	139.18385736457054
116384	11.798814720776628
444954	394.2723261128025
63608	179.4431684344295
400789	340.15753977145556
33067	401.3573800003674
309516	57.59202465259416
177058	396.632699003771
225667	273.54239798172074
450542	237.4747779148592
260649	343.30719445195666
498712	214.38985844906367
406613	293.45906010324484
33978	44.07908830879055
5612	106.07915367186392
449402	66.67149610486827
363391	398.40915274804627
340056	383.9599101606606
480900	412.26181304972073
233059	42.63944755662362
432354	282.74435133195976
393951	16.370906311185532
395078	53.18019103511574
160474	356.3492980044995
330251	67.74979496382558
492403	276.1821858458166
220814	319.8208013204011
190854	343.4105557132298
190084	285.18169703492856
405004	322.63947499137436
323452	179.05473459934868
405542	61.68049645798222
34026	438.48484000623057
33172	127.62233476723034
23269	74.19287988721932
370808	482.6851886618106
131930	250.97479330682532
193973	406.2505082289656
387258	366.8955339969449
178111	384.72284596561326
262528	372.8470275761427
298029	19.956044944340498
236586	302.7391698909447
485463	277.3676595497216
80670	409.50010994053497
142247	386.9033407056189
131931	428.3006278135246
222974	429.0458284486652
374300	21.070735443628585
480368	14.712739409670498
468298	294.3735732440126
335647	337.44673953516417
499256	329.51211897872076
8361	74.54229180414077
85374	79.3366511905581
451692	271.5530941558319
26969	176.60102407487028
223837	271.0977358007389
344712	93.20188192454499
175568	401.83466907686693
296054	326.3285850397264
249304	406.9064219450313
474467	77.65401803680747
389641	432.6831909116888
202600	295.4905529725369
436955	317.58274425476344
32147	416.59963412671846
383649	190.16026060557314
98333	264.98963552028306
385020	281.47329247751003
4081	292.5682855680194
150873	303.5501304369677
194006	389.8515770769208
330181	331.0382939795933
296214	460.21193060676467
132778	355.0326769231863
161005	328.96990729311636
454593	323.8973454826081
164058	45.02734820882307
497984	273.257863612877
494243	49.736291205805905
312121	361.27091845242495
410721	109.96105990226481
506847	146.15466704213233
18857	338.1563805735746
258512	296.71638087743105
235029	379.94100981821117
40813	369.92689052750046
112326	305.453003711621
66914	136.08882753168342
60063	433.0205198940989
369174	122.67573028426949
290522	382.9692355987257
328886	316.44976259276297
113357	220.77788224685952
146632	397.8812957659048
31618	372.45590948808194
152852	197.9558785532697
300001	139.853312045475
360153	391.74115887131603
403071	292.01439042463295
485757	206.70265425510908
194947	407.8709777172377
190189	175.6246423813092
50242	307.3517445062825
140198	90.09583827410502
375760	436.68959066221515
282287	329.6474267419729
44132	325.2487880412135
327732	315.83653900044857
137974	422.2334474641641
321648	214.92818565843135
3620	172.44014645385272
135068	106.45310608344633
14565	353.3347845643038
39324	458.89108986948645
215740	8.355700440120788
181067	78.45265320563756
349293	269.9486496687911
343254	84.88929631166772
77476	50.41172449431337
125667	269.5396956280901
449229	309.19683086196113
391815	230.95321474526443
314653	361.2777542450673
128352	120.5683930977744
23699	332.1984064893388
332164	16.052212654692088
267248	70.73591863171664
69556	287.6975492078027
169173	321.78708837585964
299325	337.18256120414935
376618	39.18735901167994
451799	34.70902726107123
426552	368.04550606145676
12231	300.73336725516236
304638	417.02155481781176
385131	318.0026006351935
238239	365.6402482388053
369195	10.715002230186732
45884	173.57077699206334
495597	395.5526425273641
376803	250.67386088393434
10128	244.95428627227162
349533	424.1822428844849
185793	379.36344833490506
392152	58.06629164904108
473987	430.4531857788263
282498	311.6587904255841
426885	415.3421827205924
485185	141.03684484417929
25627	403.4303044707072
177049	415.6423435904777
129458	60.204127821187896
392401	111.6112720042282
242267	229.62150749027032
233824	98.4825780222981
232665	405.84041648617034
494374	248.72959914028837
400719	54.479210815565715
270224	376.86831772144967
67212	117.17312669104737
339461	295.8136136846948
450984	5.880757517427828
88987	144.570802821805
443124	44.2325456661575
181885	85.80364341143779
429820	213.0450657529065
197757	187.1375143547006
25886	250.60392468826333
226284	163.22436481614798
144510	333.33815368634225
411195	24.173976976740033
220731	186.98547050929744
320225	407.5014228813995
389626	363.0835939953427
434725	414.1532776613824
135030	415.93997914448397
367418	347.71795925699246
23707	315.9003187347156
25537	384.36962939008055
31281	277.3663911602148
114414	340.77506148898954
358944	65.54194737776204
183140	293.9902368266401
295781	352.66601774598905
231381	418.87181641226096
366678	401.09702779397384
253879	11.501411624319536
56852	390.30638823521383
245259	340.73715431046486
72819	406.10389912028546
207962	384.75987832318435
203841	382.05223625600286
68458	163.55688510763915
465020	76.4192832947549
128229	155.86336548308262
43494	340.3471044502977
8811	337.18261421913706
313106	353.4158873088204
428115	342.15863290925375
77424	137.1171861743615
510953	47.372524999642714
401383	123.7349960555289
468819	293.00345469689216
82014	311.410133967864
478191	267.1107376030986
6043	149.25615895325635
100335	416.13672273807043
463508	380.31341719490115
142232	400.47990304915226
96101	399.3483737432687
43402	406.3186100965889
164067	116.80055768355446
498421	192.4567941264456
311072	308.55396045369696
487977	136.101907132968
208553	331.67850259599646
120254	366.84903766943444
414389	298.46353155749944
293019	368.3188010779517
17358	342.99896671763906
115555	174.67087328576497
7768	210.8127456805197
418176	264.238181749229
446809	27.052227391876382
485287	373.7932906229985
292837	446.7129919386741
138943	191.86961134923365
435821	352.32253679185783
236089	145.2774369231826
313164	312.6001801617467
142483	277.04710423562983
460146	408.0827560727649
354935	208.26375391069107
450900	92.40191158409779
129020	120.75883725409471
217490	417.42651633582335
410561	428.85723509806905
379367	271.5123827453959
271066	31.89618519655947
212553	310.1815249576304
284017	142.5922384839596
346883	402.88184849158455
276195	42.66051418073622
184254	22.994830392620962
82588	288.46939976297125
456633	239.07100456345185
395249	272.8053880767984
445919	402.4222397889668
324514	301.3920055705717
291827	70.38385753611077
297039	26.79716128869887
514206	103.92389653594097
11587	249.71109208247208
463733	412.580685289033
43908	321.16144175213464
52469	296.1525797612705
471177	112.16246581426316
7056	76.79966007042145
375002	382.9027220400272
23948	79.23134534179829
260964	179.0726542521037
510532	132.80805829531008
87918	294.2086257535077
399034	366.1998234292265
5599	89.17995021042488
410533	344.3000004488791
192858	370.5734198066062
323045	385.43496484203484
394370	231.51019453002294
462651	134.98647647383672
438947	376.2020060573338
155934	438.85116937374596
65089	100.29388800423384
354308	106.19675221577681
286434	419.1869976101569
74707	44.29755938542843
493073	349.0879296192223
186588	149.62810796675322
212596	295.92325027797153
432383	369.2048716144146
463432	282.1087029572398
437682	303.67706185320174
157814	471.5544574365671
409167	400.24027313710076
174372	193.26472014203878
324232	451.00732417756
320324	193.7009050264084
316817	262.56126571117
284625	320.3538785983086
419763	259.7511236866917
19036	341.9712330974772
7891	339.12479867096346
350157	338.1053826902756
177621	417.28792197415527
331063	318.9878607097953
403975	142.91869537429247
161231	95.36025133330473
244114	299.80822522643814
423438	384.8986026052739
130287	354.54350278294737
246907	207.8768872795679
229584	338.6575799756246
380347	447.20699619184217
314028	399.7090774153561
301919	36.25391220180739
316513	417.9712138328551
247842	387.4797178210403
264186	471.4399288040561
219208	352.51358522718436
360886	313.04184126754575
250111	25.515891824971423
66518	452.37553621267864
315036	348.28301428687655
10057	396.8177536216638
303389	321.426120042993
41276	26.977563558017998
283412	20.693118019019952
219550	380.12065088120994
470966	361.53042849026406
190927	275.18968249288054
16023	69.48569602282682
234738	152.71164782171311
422985	345.68200456034566
282913	388.0118659440472
342119	345.4097757909617
274188	313.71360128407196
22110	232.47428779090313
383744	95.25736866677894
389482	298.5674286667072
59998	313.8293828144524
53910	82.53204376609672
306497	281.42799746439033
474464	74.85718227812393
198304	173.80100585595022
234228	429.78201257686726
407624	46.144117485579756
239435	355.8451480727946
90480	258.11140154142134
475544	370.3146905250727
297373	386.3927833256104
83947	66.70647322359389
61941	323.8237498895489
221659	277.551194158909
146711	365.7355112275608
58435	260.9435185671615
190047	298.8284559155031
329463	106.07265661143023
44302	306.715341638507
41913	266.34583088438956
446504	16.124574776586325
52359	380.41131296351557
459540	397.90519179114966
96156	404.2192689810852
378346	432.77638744887366
230803	394.53150733532334
80935	306.60528178902933
96462	341.3639670156479
232638	275.7369935549977
236170	398.59880274913974
381381	405.28341919387793
163593	401.82449876936636
219758	425.3148433492404
413797	337.07766884987973
349247	375.59688137856216
161578	431.4432310232422
473562	207.33512032736346
452307	466.0929444198712
204797	210.11706253613136
346650	100.9080619706045
36631	293.21956579292834
48131	368.4748521533058
215152	261.7399965253104
223968	388.6764208918581
433812	47.129757439229046
373484	440.550365358385
189353	55.47471330004747
26738	319.93461762459935
21525	360.86035182772457
90425	354.865340180579
376006	22.236920298237816
110069	383.6004637884626
98821	417.1719932194783
31613	20.917830919358153
209266	26.109086932199038
55953	345.1580797850077
9561	284.1065186215329
148573	425.2353432067285
136113	453.8034339471695
161418	296.8117461357985
505840	284.2514385769847
467388	63.71343823092729
215796	333.2794906647381
33658	362.4127847193681
493313	168.90819977233394
502166	344.62882464278334
364851	163.24168120402848
314883	359.70991313301715
22571	375.7309652253464
119613	392.1591457846214
252009	161.47381579805705
466359	355.75626812746293
79651	352.1651548661969
454147	140.8023517235999
271257	274.89488075988277
512427	372.9592023390834
164593	212.29997767791014
483537	387.07365958870514
214894	392.33376869576324
240007	153.09760734974125
344338	384.72706610355186
459085	367.63105165004873
121113	125.10750506193115
135606	73.41549270748231
409681	196.6874693728202
177369	368.5488869880952
100674	417.49308856741874
150847	440.82947575806065
406649	406.4810430974741
249236	353.75519900959284
109269	71.58059750864888
177752	337.24386500609324
324065	122.5545226523869
455759	68.97037281252874
471015	416.4214183444565
106995	300.87378210720993
340665	26.982660332235348
443312	389.86662430376356
108037	24.390769314122124
499303	90.80892804356778
345732	416.35389352532565
318581	291.80931648801663
38658	382.0155050718848
420919	346.0562822542372
115869	346.8918708658511
283254	292.44311143375734
158239	336.34257681814944
211092	400.2576253294209
411109	323.1946933184237
55204	81.18956590631035
382746	33.26016893790064
235720	298.4644811698233
