420954	100.64860861476852
512916	208.27106539590625
209177	353.8046034271706
456268	60.30096996979661
505752	299.7463138983407
275547	309.45181664805926
31937	102.80776900330758
381364	412.8152882450826
131364	163.00134154067723
373575	449.24597389632015
114638	401.04918782952535
410712	280.4570282895682
265535	290.4120866160517
364612	50.120374933661175
470700	373.2278175978028
476795	290.66779930170844
98640	356.5007543002725
486784	412.6481473551844
8261	327.70430716756897
465022	80.43158711412117
244854	348.04728708141585
32010	398.8240707551914
137708	261.3265801529605
413746	362.46860815360344
376481	374.4051895923754
14607	281.19843468932555
251922	268.44668862995576
271271	421.8262136862595
196117	326.10251069900806
415474	455.4180782121694
149621	366.5119377950366
478161	322.74496397958364
62195	68.47252650728342
130772	351.51722670975266
466385	280.2566457647108
38577	311.6674343323413
664	61.03069768772803
188242	375.2620486161993
177125	410.1284896391726
462175	404.19435781601396
140726	370.1825207222852
332346	184.98473608365052
492104	90.06161688015652
329568	14.087571764632871
372779	77.09508227151287
167951	106.35089680409536
238697	398.7178982319562
112115	356.8750964038753
316245	336.5259394005067
313953	79.32369395762171
99702	92.49484237694851
390600	465.34728531868006
444819	305.6795834937766
36835	298.94943347003317
353202	391.2879138368532
404718	397.0649327791494
202615	145.49954208884185
409808	300.5054278562721
284604	322.65210109204173
266696	332.1892004538424
362235	26.251598880787164
250416	344.4969560348708
513600	126.70385795132678
449221	284.0622087786515
105382	365.6379832344501
452590	211.29652111186533
11936	391.17818746070134
243419	174.29913759428098
293981	385.3673174633746
472116	290.73167303588644
8175	252.16493268180616
41253	430.43192471255924
435654	54.215786603720986
478112	416.44281353634665
24030	77.12206962464103
383053	67.87814908504957
357150	342.0862076855236
54510	377.5248833739487
478847	59.742639756363005
319111	428.7898568143848
75207	106.40700371609402
49252	422.5926789877784
428930	315.29740000351427
30644	367.8612304405858
57525	377.10432640420265
264401	430.7920779049828
385119	378.24010179138446
36306	254.15131430832173
23079	402.5781244016894
178632	323.06599767476797
205178	359.1882200237596
14471	261.91544735525986
155445	101.78830502235422
283364	392.43400045784483
467649	425.6590533417936
336675	125.7454027323315
24878	95.28225972780253
244101	66.15062419856147
57660	299.8803738887601
284261	118.93517462306845
386836	418.82509488854583
211665	106.42567483740469
84931	288.61667531794654
255884	57.602716555777405
166936	369.17664979602546
339808	392.75291925994156
341076	437.3543036366777
324361	379.2462970188277
285273	467.12836825056905
363172	408.9356740869591
478815	150.87113667002248
337750	303.6175838415108
442562	397.704675901639
86804	435.56052564000674
86711	394.97350845073464
499216	287.2033450401589
86484	111.41531903729708
414267	305.2084552377922
405527	336.7380253892164
438666	271.299908698019
116384	11.798814720776628
128126	316.4990865106081
286578	90.94882050910991
373466	14.71611383415759
364634	250.38905885305383
418568	186.94589252380865
255159	279.5378688831868
75250	404.6024496079965
215125	329.4623365625109
134141	6.452350289563448
461227	301.48703900556956
418500	165.02506810719217
472855	384.9052737443211
156775	290.4044076819074
496993	389.4171246140352
212601	426.6749054709785
20800	349.89464987715417
376463	218.76617854784908
144440	11.223379839281296
138033	48.42180913950573
342950	431.9062196833353
432698	369.9629724747648
296176	31.5557687864923
237162	327.3121372804878
379122	72.14335248503798
65794	72.14562579219543
102693	376.32476902502947
7451	223.16643039274382
252773	116.56208809395079
237445	308.2365738177616
55800	298.06645022197256
192561	202.57542993482113
359816	19.90638125193828
69645	47.42896776544097
388368	377.3137725113623
52056	159.25777765557402
313975	369.45978952381904
498714	63.459263945438394
242564	346.6519243624754
285635	356.3219765947833
290505	366.1009283329948
471517	381.2462706324587
454671	382.86611187163777
205632	311.3430081225892
11315	310.32440014644
167506	421.60152717979577
459300	300.9267786536293
475562	419.16837331033827
233438	299.7329203573992
337827	285.3270590370874
307980	445.78710843463847
467455	103.18902175114656
173741	146.53808993929235
407616	24.49552347515169
333650	171.25275409808856
389071	18.398041726259578
235016	358.7921011263763
278072	39.7410933661459
29223	243.15177717470658
154306	397.88707691388845
214849	247.93693094928474
228410	376.9516461600436
341946	333.2119603455447
409149	109.71879087009054
310770	83.15543231050192
161811	337.2587327882246
75973	364.1636264616334
309098	399.87853636682013
318178	255.92518225307347
67888	448.05582082487103
231597	69.71800219583407
477672	217.22237894242312
366720	253.77180429251422
205207	308.94749466121857
302985	316.86738284831506
250124	59.61956835429882
350256	288.0492348267763
407859	117.94307454547292
155476	244.92163593908063
331970	335.03648138531577
510704	57.12639027501234
90235	350.46436886740685
470697	398.4917109721395
175318	89.70318614814369
174858	287.69319547920264
258989	6.145195193318718
205255	406.1907885100498
270193	377.6416213196455
224416	157.80344567367055
311510	103.0371301797108
328751	134.73188763456923
93782	353.5251680447822
400770	319.8739886501921
46575	55.63648320851143
301710	395.61978136287365
391333	123.75484822841923
304876	73.71401263553548
317329	320.71204781857125
192004	51.80434736566409
499204	186.24984761749033
430071	391.584473742058
362232	4.2045371350189855
28308	151.56382745369112
240716	35.86253517659421
199728	109.79322708502329
410013	392.3316283193163
459578	386.9254732278364
455082	429.78801976471453
401336	385.4244965860315
110245	96.64177739154651
193821	100.27195261310585
26335	285.737926184533
174832	139.03429980262027
313596	408.4242274352243
487953	310.06869037822554
62260	378.43943666801977
481059	372.47856367803695
495185	424.9305757936383
252947	301.41765204415054
137669	296.60167944639375
438522	362.66834583452044
216354	411.5324059343806
33152	149.5916811041647
124216	0.9784923233754362
77154	214.32139580730055
389105	72.60656177294872
181311	326.54539471609127
282721	2.0700425023386475
399549	257.2806984573001
430008	208.71266267450827
474182	6.469288087799932
166253	288.58253909255745
512921	408.5365886172185
238903	442.2987463363196
487513	59.744387813072706
323371	384.4327613625659
261620	57.3568553544385
260553	24.422434425625948
404762	134.59464728051114
296946	316.79332907222283
271033	311.96395512202304
101051	171.30603366524235
183042	238.53106987649136
443324	45.853373689125824
367752	393.3680582966049
513862	445.9776027297954
330842	352.0135125188306
184278	32.76123607868707
91938	339.9911284578161
363427	209.46907067363279
248519	144.46478060001488
514856	355.5671346476307
305333	144.36748748748073
421939	310.24117735685644
377242	321.50619163625896
469486	193.058811514921
457995	386.8061360712381
217555	420.7174201744697
9253	52.49841033011064
413920	255.9298473599435
119247	440.4600143613348
1069	443.2215523890164
169393	390.16595426130317
207186	133.67741014613583
101390	436.8052642755609
268876	414.2705399961769
488850	74.89617426657342
6840	4.853318985012128
420396	428.47928911075957
176785	298.8477358735465
172727	184.07131696726054
234834	81.75295933671612
14455	227.03403788088434
101813	370.151492594816
496393	263.83451377396017
4575	411.84400828953795
283585	402.7620565025903
383851	442.62189518769276
49893	262.8436115172708
359495	323.81817370969645
385594	285.53233000178506
175244	362.9553347598503
275797	245.4783642635361
132612	13.702162976022525
131125	377.8042766947333
170634	341.93518237122885
21675	327.342993114558
364887	168.37149609470802
117976	408.8104803365488
99771	338.114901735194
209993	68.76923707408989
36106	41.20919482619844
159457	429.1524134492111
159307	92.10829181401289
422476	387.3770416231508
451979	415.40890755805685
357391	53.06479491160785
142824	381.23783891997874
260945	378.181242116368
415795	408.8772846579155
458102	157.70058741080777
67835	269.76393827050816
182304	270.2903144287533
429863	368.7350235992554
121712	239.1332979150148
392287	92.87814219866702
14006	234.38012926171515
512384	111.0558591810134
323203	326.0470338381518
179302	316.60217667651193
92502	341.0689933448334
851	395.29564898959137
170939	411.562264315766
257431	5.878060184879528
327239	294.283822410951
195973	407.5066108641951
323569	316.8550465083085
137521	216.09522486842314
8465	273.9658848497093
253841	328.9381918642189
281582	289.0651644907823
143683	204.3911695452878
148892	136.60052923560315
44547	339.6777427833825
266238	291.1003475784629
402007	218.88360560610602
434843	305.12583136769723
112549	66.72737371506932
511260	339.0272957252134
483825	398.9375985991125
514005	229.9922265618093
186265	383.07144679844527
204767	430.7358815020785
84682	68.49632164534209
72963	199.77893523119764
445499	194.89808191162982
182228	329.4892083721644
216777	35.48472844960262
14972	47.1386009025257
378214	388.83797119502907
3435	311.1885427828257
394357	405.88032753779464
148784	402.0608049934013
130854	391.7031630260713
341095	264.44794721286183
263833	156.0492360071349
392902	99.60195969185826
36992	304.0185811866075
55073	413.2741337036328
240937	205.47918019547214
175635	277.1622943817167
175065	182.3814339299048
358247	119.75360657257201
30012	169.0986417841233
274302	379.61545966286377
24788	83.0779413089922
98673	137.061876061566
448752	147.0358145241982
55294	312.4271228870696
333109	361.6529268138266
431780	335.86936983438625
230455	264.89967566672
408624	260.8683204669364
166984	67.87088680237277
138927	289.2359014111924
308661	9.099669550612287
320449	376.68029656614044
336883	145.93722121244417
466610	172.2318454424642
374704	167.41906109197055
492106	19.062808936412516
253228	319.6970494877102
416302	288.8643846440847
340729	332.98138388918915
185626	427.8717064736959
219656	241.13562402457907
94955	368.5308525783937
308058	287.4621615149212
9764	138.55779964159353
466613	373.8808305364949
106088	316.6444409533045
367123	396.5309777510694
503911	69.13832045239751
232909	368.1449910071951
154376	35.66433861950745
192153	232.68113201232666
13097	395.76909086489314
507571	79.36257893475326
89011	312.94905755827756
352982	41.43646501775043
156597	133.8358214914802
23160	329.58524266503105
219769	334.67627734860565
34294	109.9510360157173
135697	272.9600666387351
483451	99.23443453621327
249823	185.77365106506366
180846	334.10242502727186
380632	370.30782054138797
112386	28.73484905650969
113844	376.9648792968558
206266	341.5299723182415
87635	359.66570676349545
215790	116.86377790383402
117015	278.49764198286675
453550	397.75914281738517
292244	452.5098040441386
404252	346.973757313448
64826	373.5552248500081
515192	338.1798517915802
337895	218.49644988539345
75711	385.565298518789
170395	427.3691630671869
299872	375.1029607259078
265113	44.30174092333073
464930	117.84157697977895
471840	161.70583193992456
487382	99.34048221791132
337656	305.53377589797395
285708	412.500685742596
233137	222.77290096749695
265782	52.66324163823053
162978	454.8975999077056
172707	10.475034592732035
369200	10.372705844700048
206061	434.8340015019476
425402	368.1384668937168
126693	292.9372689581644
497122	351.7087873280526
504688	317.4990419259211
455811	49.546661883117864
60371	453.15110611937973
295498	52.17568579249211
89255	321.1631059541148
40300	37.10146268077813
367038	309.7755486138335
456273	379.0551871733767
494190	194.1850596867273
180421	351.86861068241615
175518	104.71761774773978
103254	101.68933795406954
101352	436.17081182676907
42340	366.8250817212565
325466	226.62818345338118
430202	450.8868391688642
76663	222.6500063474099
204231	408.6058643184034
22928	312.1356418746014
285144	173.70202651242704
436486	310.615712531372
322188	468.8422184625502
47267	139.3181840231996
358391	114.74678935675668
358096	243.30900862753535
230340	225.7939203052738
373706	195.46793281353928
470488	27.316206233152204
513569	272.6879338254634
135907	345.4301806878082
376514	431.92881461761823
235421	288.25064213359593
37087	35.781420642028415
413003	307.2768452113948
15727	270.27413276627476
142697	389.7373082030869
405461	196.15486698313646
472868	435.12956494753337
49645	334.4192592640467
492393	308.1978795935624
263251	228.64809495076662
103433	410.6867580165923
131768	37.11537197980434
363420	194.85708678409517
401796	136.09655896781243
46025	77.15161536163423
194258	28.2143020081429
450895	401.0512081376526
18048	55.27483714295649
350803	340.84893658753066
460489	157.2662755282429
263270	409.0456164747514
479086	411.52222147251643
240398	303.50655211005846
165496	36.50126218039336
40841	329.19803131603715
174149	310.4183763562052
219842	355.4867946899807
190798	349.2912959719606
103055	211.44947815183048
363556	438.63644447787533
88691	219.25780168052438
456241	224.95887183527526
160278	439.3731315497842
470299	194.6575760853644
430334	402.6622730842526
489380	381.3887403659841
36415	292.03036064971343
295187	354.3137938160394
156937	407.5568540908667
356328	373.57689965429444
436814	8.689333532276004
55439	174.56185420252956
270758	47.558226657456586
386728	129.05037402060802
295262	63.58940448665312
328043	381.15990219794804
271537	108.08464667363067
463448	349.1627242481783
143488	71.15392140714543
96026	449.5199117801968
451758	75.20955416134997
243094	79.7216847014258
150100	446.95061848509533
309779	117.38776218744711
359813	370.22661466931214
130969	96.79769591919695
73130	378.799399855414
55895	403.46304094781095
306992	394.6656121424666
388458	365.0274576898321
86991	405.9713962454039
507840	355.9941307978262
163678	19.144435124173587
503285	239.6689278445401
272935	404.9816809643177
117911	55.31061374015239
152324	60.450105775024156
130033	406.72928989723
108797	396.49380341404134
470959	355.1576237539102
455642	129.93379703397318
51220	345.88222150152444
16904	142.06100930715655
208797	406.1034676174063
355608	99.8139391205239
97132	41.77732356761358
417878	105.32088957499255
229494	121.81247275714826
76332	298.4616647943825
127291	339.9362133120343
480943	359.0252338838577
342212	84.00611781590626
261045	451.6578867936813
103858	345.3848053784366
93671	201.04481853815042
29829	315.8416388088263
493933	410.18677578310985
264644	351.4504819116642
381934	94.07116744170423
427934	296.43552709732216
372991	351.6899091677963
309536	275.3686841295358
328302	173.7099442209469
199627	369.91519270546786
494807	333.54618415973664
168592	316.4504174256726
229812	449.11921953803414
254255	403.086125309756
19389	400.11917902321613
52804	239.85056227001994
330634	374.0847108530641
249587	158.9831697626344
180231	274.6494904178155
357023	43.01562823081393
74668	442.2683550056719
330717	80.94785796161533
275077	378.65080392039704
254887	65.58914464812311
394412	114.42718965670099
124937	110.9752333574059
189554	208.33572070262935
220940	336.5009208523632
316456	426.62464575973644
316792	375.4406547420673
44527	333.9893519476394
503949	15.14756237294463
121121	31.670204971761517
215060	396.4268748006976
42519	337.44415999339424
126498	310.83087282174756
395045	353.6912693725019
67508	62.2989806473962
155595	273.36173914271785
410587	285.836607976281
66390	302.62594203185625
11952	64.85238580547531
322124	367.150057656179
225177	72.91928821164986
430226	60.18483842849731
257383	38.61200540270933
488424	395.07856987056465
205825	244.07046131038086
59372	1.7840712824222378
498034	397.46040687964313
407657	328.6408568377883
90708	251.17729062838345
302601	348.47054801795474
395636	425.3033192467937
17058	286.68842720318736
503494	73.75202395357198
400618	360.45759744999555
53867	408.3295947327574
501835	301.5511782234999
467962	202.12903016563945
449652	383.0995158824254
386169	18.71018899966708
262945	46.37476182136297
13366	60.876928677035735
13158	60.6658464362622
226668	464.20107657924615
269515	300.2580997363794
373622	327.09368263440297
163507	90.56709343627305
283120	322.01352202485276
371647	434.4282009731816
165482	200.20423434609603
162768	109.93530619794197
251957	368.94040726186887
230531	175.8836858304155
437324	161.83775251707326
321874	194.6669628996253
81133	407.5597093968402
73780	33.620610942924245
314642	241.79130903262308
406540	316.0914198378748
318122	426.48153389514664
157880	4.2507116460598
143839	428.82346123080686
474994	92.8619564384593
362678	28.634689674721628
321692	369.0234387782012
57343	431.8188620826689
301736	379.81076457211293
501842	103.53612860619234
139501	369.16714679373257
358821	105.24631007104757
467297	303.20603618213755
146705	346.0699512481518
459479	370.4529799605536
18182	328.67203880798763
57000	33.305117839588924
1430	365.70020420442154
23724	132.76738347737944
321738	235.29070780988417
349316	366.1105023688938
481832	374.35992793673756
325684	53.5951152901516
392780	186.7852749429136
134751	91.32414599539075
121441	84.93036298344263
480653	381.8538787290096
25608	36.8904085897764
20381	396.90154592396135
321617	100.85594090638916
166684	191.50347973719548
513675	437.24704187077407
141945	416.80906908972975
471573	24.73847648278939
244785	140.42245529380654
127505	354.9628276497774
94832	173.13593819826337
131817	28.152075450012056
336906	43.71464383723555
175379	382.35893743526947
206977	216.50041009491437
320866	157.25499688605865
30615	350.1864889081569
173664	199.26099112723261
479428	77.59453798392094
175242	272.2932648423232
462296	414.91863585289394
190133	68.11255876751014
292083	230.4074277720861
416930	299.0865764026565
504235	368.18995640357764
442436	150.01704707695137
485733	300.35948047973255
60339	260.4453920615457
282834	379.7319559386338
161774	103.78886800915683
253256	135.23511376966098
276233	25.61405054648933
113498	308.58085030942675
118520	53.583323435659736
152571	138.14315151716195
489588	195.90370510489464
425441	391.42706903927484
160834	360.104068998448
505346	391.07166865768136
267343	435.4265588983968
198612	291.43806710675955
238573	248.55046174316007
125898	247.50340102080085
263947	446.69666568125876
221704	159.16857691690979
171395	56.809642255524594
198840	390.58427422303646
19362	423.865045948754
425578	329.1241428843606
285915	347.116196833663
285456	322.7109617037126
84169	113.73262099494478
360678	188.12882961260422
3268	360.6386739224372
389359	405.21826533996204
505159	393.9482221794465
225867	30.853250420692817
359867	287.7289313139206
201559	59.21399828417286
7032	137.08413529338262
372884	113.76608276013705
292581	297.060292330574
427135	115.00655882333689
379488	277.7800655556024
73924	120.77861387758223
376964	445.88539190095105
403060	407.41144244352444
278863	34.876463125635006
381273	62.88684507369138
20480	402.60232749617654
412117	220.28513701787827
313947	449.76518473567654
489484	47.14229140061369
91857	34.33605309260191
381586	358.3001107742484
425053	450.2066407215455
280241	9.683853605161282
152985	12.624490876016871
427679	356.16506900058295
104905	325.4225172049348
194154	382.37494670242603
401386	60.87501613092628
478674	396.33056267989355
167286	37.630044556556044
9775	280.71485035929066
313243	378.9631131057122
130173	227.94934088649
391429	124.84382358010527
508718	28.785026736814356
444312	267.2150108076613
147734	342.53570816218075
1513	383.5380293781662
25201	12.344164765118293
320034	451.2718864239464
258182	84.01138344064657
364342	273.095634116694
18933	364.6921258430573
277247	75.72342471954299
295563	120.43682666796177
222979	457.320515631221
205626	428.0451896103247
170084	353.25164612923857
218115	400.0590472439129
351773	191.24547499655023
446596	144.90168996574693
327319	334.8501823242517
103663	406.6408313428672
237535	126.90603926265776
217828	260.15656050910997
44814	92.18586166405686
6109	359.3647297171609
260626	402.6765771866413
44017	189.56764221702454
118013	85.96213399807799
281907	74.00523444744213
173483	373.2516435178604
61974	28.878803113045205
240692	268.04895175950105
67393	45.977512802304915
296178	22.808980288589737
151345	276.6381428525126
504793	76.54512768455294
121805	44.04713339239934
460698	22.58802502022568
228074	338.46942982784054
100290	262.55397958909583
341464	414.0774873043208
422538	479.3858464269709
244473	119.75844390671688
450540	285.3016769001404
319626	325.24301516167225
338582	378.60441702648905
336648	55.47645590927821
337976	300.8486479414532
385027	350.7452176914858
275875	228.83679603122107
225602	101.47058088875423
42312	69.3998037828707
111230	413.8255339290355
199941	366.79238805347103
406763	337.3113334376593
89275	267.13547263280475
91375	329.4327471585743
195326	401.28686059032157
226259	362.89007412501695
225735	456.1824231364471
328124	13.219866728306593
100646	322.60368843728685
492791	330.37887183880343
454884	368.51995426183277
211278	351.6485078894156
146289	83.60590917263484
439283	129.03224323363338
394697	87.00560423728594
46748	389.1674385788578
229275	437.1027973658184
36909	290.32530335295684
175528	451.78671698666176
320800	389.26721785319893
423883	380.60141062182106
126698	313.2605566432984
450048	110.17166797330083
445010	230.76693557618017
333189	291.19231669434816
39897	26.04475177717013
15656	404.89986551779504
131949	344.5024989376613
157688	194.82739503888757
50294	194.6137154749364
165167	156.067427390763
325671	44.466219979319305
16489	364.05759331068765
326860	38.6010102435726
471575	29.872991207989486
154524	369.6580635416393
323286	366.9422478417667
166080	77.2818521222347
139276	290.1818139865532
31614	116.37890769868439
502831	295.48363883187267
200079	273.63260731039907
143365	10.424135556780884
411093	289.93438343401755
139653	321.496360612695
17842	188.0504077801675
390522	367.81862026901183
436808	2.249468273497258
418435	109.49669361127785
509962	210.85353263409974
437468	382.5567585560395
274729	274.28072972910246
441193	294.2424347947284
148646	361.98701728848334
437098	172.05463815950222
373231	398.00309309804226
344899	276.1935464396617
338618	235.3583958322276
345034	280.4420501132302
38430	80.83062085282249
504358	367.45025286420054
216537	368.41560178663764
448571	374.72066893460106
300434	244.67880659611419
471161	468.9565997908066
389910	403.62435012740764
155963	47.99639061385316
411475	454.08705184189773
189258	331.99734159124506
401980	428.3179103235807
348139	296.5715539811612
482724	385.37424962089284
166448	350.3749527725468
488207	89.52929692965725
138593	127.67351643744773
487035	422.7405918175724
364798	398.6778975673889
31783	175.71361115979178
310066	269.74729419421215
227199	387.42680085904334
196693	35.35028625330957
372207	58.78720373029038
158714	382.1325465885516
347637	206.8030532583872
109926	318.36989415016905
377470	266.7597904693313
400509	364.21059329667685
502755	418.46531744756174
413359	361.74114664429624
6691	88.78120284380091
180002	389.1081457213578
307944	17.770329644969486
356533	418.67937869152394
249601	299.4955843156281
247624	416.4200722432347
402479	419.7319874895363
43837	409.3723621085313
314707	141.77533431611747
10692	451.26923173811645
113024	421.5756363247832
14280	305.4716144234546
280778	395.62301908694826
319895	288.658744739674
125879	32.137248752612045
286493	75.30030604869435
367721	378.28561795267257
313938	392.78158603473014
327326	362.57447654976863
177920	310.9274798566831
482354	246.67838398888856
441083	444.3277700231116
131732	45.899497571409384
491387	110.8181543516114
285781	43.8131551903487
394835	223.34262903817682
68349	309.30657298700066
494171	303.97685332332054
217507	441.53796538924587
324888	69.25387610960593
284657	324.8877498415923
22170	462.41356856871323
19969	126.86461371623787
121500	358.84255855078464
105236	419.5398475419515
472575	72.49070999480885
319638	254.5189068256408
390738	304.2479321034682
345161	357.77891073598886
102886	225.356312284629
40198	278.38657951891827
489272	393.58653067645196
205988	114.15152013219995
181929	295.0958199380107
110990	382.474979216732
35369	292.442638665276
134117	448.05568724302805
106594	331.4115193449588
110642	226.30047491749477
298932	320.33315038444783
378107	319.6634489984259
329359	369.119061627144
340046	390.8429907027853
189247	279.6179406993994
412112	45.76612243633089
273699	254.19103228682235
514207	179.2635445528851
422982	375.0142069848461
514211	109.552075729254
332139	10.854129498713244
512358	308.2524703353978
321272	416.62179304736753
35434	86.35476377796022
329360	422.3324474029964
488478	248.77900848105352
429044	417.4229801556578
122256	108.26504097659168
407539	315.5782003157889
310345	322.2653802685488
188472	267.74457466057027
357003	455.3953989597893
139441	46.52260248376073
195526	300.5288355517402
501657	227.83819222432265
409572	344.55122852610583
213481	28.309069959006695
432083	31.398984110463388
495835	69.03424065872362
108558	67.53797106667054
286024	20.33704664722333
57857	404.9160712086238
463172	368.19726624318076
414088	329.8368451303209
329555	422.66450277601695
46757	277.1406048013573
68965	333.09648749313226
100222	175.29059157552385
82874	333.92543775119987
7373	360.8281972005376
356265	196.59963416777472
99860	132.69993339761
36408	286.9647455687517
145660	79.76160538707525
447780	395.7440419983801
296191	85.00950603319058
131136	225.445207373806
338971	223.94398692826414
135595	35.83132029698036
151971	10.316464145417946
508902	313.0895625898478
431013	52.44176402476577
26905	358.013130240509
293207	320.39330634488135
68945	412.6161435020591
508477	330.6323989955891
250120	280.52061775018
179629	452.3612649189974
242244	345.243375943969
275356	112.49797195339185
360752	372.6283160757156
317007	41.12938892513702
99657	167.35936495294433
17424	15.623167171169293
416618	284.5068583594265
108757	374.4589641329737
444436	421.67861343394196
321866	57.235615750659164
30061	320.77016165636127
187454	51.10356170331701
337023	178.69746283863768
363857	206.48481559166902
60427	180.5658585896928
217992	389.20199073000197
275224	344.32578447833953
92501	434.955413555908
409400	100.58948015994905
427974	276.51487833238895
203586	296.61740540060504
165765	342.3156826578254
97727	392.1226479695981
485670	24.731688402748055
56872	321.44249849032195
209537	187.31532229260458
97026	168.40482483354484
102763	228.6895195987494
349722	25.497917306717138
113810	310.34487623013206
71172	286.4548820542285
372004	354.9556167812843
188740	304.1468985854036
238710	361.6953092750326
462250	285.05976651030375
142712	178.56394061166912
82878	462.3525617048695
55645	167.70591325699144
52962	380.7521311902013
154878	279.89219654986033
146163	320.2006572256329
461542	281.6250792709297
21283	318.73501299461776
319589	319.0107640367686
238764	349.40095994640933
276721	51.35700992347856
133344	64.5189295387875
116734	115.44495642942486
452696	372.8029889347437
174133	309.2129232701555
260744	365.3025367544465
104704	80.12819007573502
452163	362.7965234587096
146405	368.5018568379018
30425	377.43286805968233
240469	324.1970018531604
328773	404.4275301195402
184435	325.35971706318446
57883	300.56594739537945
49230	391.44947788005754
226973	403.32280886235594
166297	339.41864119720765
328075	139.757391254269
487369	145.68056486176167
132713	355.7156878205537
501089	63.10489686725004
52542	330.8765920848991
278895	37.03950269627363
319925	208.629049861693
4287	99.87688714385322
119111	242.06883272896783
372256	199.67605710348226
288195	376.2948064808486
239178	331.11134942171964
164259	335.78685305424494
336956	333.98877393496673
421893	98.73303156461579
71987	320.92128868823846
72439	264.776370840224
120146	157.19247707795103
188408	58.794853117989696
39965	291.6386975619682
65602	382.1871402961398
103306	381.9667589791349
262224	238.0835449537717
344249	69.3312398612838
252584	452.66438020747876
111616	292.5638432301468
361075	316.3441222326797
512851	308.6422496715312
101112	99.08021591805777
507402	42.44412199067907
94286	249.8334179284431
194107	311.40468667210746
342687	341.45279877226113
447116	79.83055600936336
378856	110.39594421100972
62393	371.9620768096037
487968	358.95970944648275
466540	125.37427268822248
249844	161.4185533197519
126928	376.236008142798
141733	22.204831740444206
237377	386.6721580389021
125436	375.244153244939
269348	192.75823819095055
484868	113.41210971080872
38676	272.739742580804
272802	230.91044634296665
144667	185.27011986785746
456764	48.48730630733324
62079	451.0489491441668
382789	397.9572996183041
445560	399.09341432636995
244574	355.18106404144646
275228	233.42349969587764
323600	186.4620282568348
59175	446.9434568154013
488671	399.5071413908708
360824	278.65623055216446
458089	338.1998490648406
265019	294.4012148069847
428800	83.43992805928102
69421	365.5819380271816
22555	243.72367865887963
251617	408.5199342775037
360848	337.2212217928618
500043	49.684524451675784
442491	319.5154945349997
443017	270.42247954254344
438570	349.0191901700761
207755	382.5957550620504
209184	329.17602270861136
346190	377.0636000769827
182214	333.116896429557
26838	208.60785334371823
313679	282.6972692403553
38163	16.093926122438546
397403	21.244610553923913
283760	450.28731676729643
45446	349.82887399809835
477479	266.3951665637424
164608	406.57023363463463
250968	387.0962196849155
115275	5.460563426060955
234416	383.8332037805216
2584	162.34053481479484
75868	450.75875784167994
224687	124.87586805641449
63235	350.1938805943263
410705	430.9566747471886
47322	9.57218064771922
126739	27.288655025732368
69920	42.90214836801876
285356	95.36157445581486
502615	446.7561954083984
163426	392.9925169237387
138526	158.11668206177143
307633	178.78019004906568
185372	230.72741815113392
16506	353.03823803502513
283013	370.79879413594034
13836	331.472256670546
360449	369.41515215299455
323618	451.901554028749
450400	380.67290412362956
410654	415.3998025187194
207077	232.43987971910153
288129	406.4313439411149
109165	196.1930780173323
431712	35.372773022771035
240159	227.95951949342668
169566	264.4308969728724
159326	232.40878463580344
80500	68.5014112653777
512543	308.1154262774244
494132	423.55416467750035
414865	329.48048331445705
101035	12.063625583023132
231388	130.66835428208108
169313	438.92896437492936
458989	235.6112377245955
133906	325.7829153289533
338990	438.56795945347204
106103	5.7564641754304535
17800	300.8166646943544
401139	389.009544845078
93695	5.0357973287477815
361756	310.9071671104747
457464	384.6349006514729
311036	322.48481443638286
52372	71.82840591420806
137188	382.46128474272876
20947	397.4565574077622
240659	144.4866719685256
17410	190.59932093387798
164659	319.7333474975182
389318	358.5623756043405
310957	328.4006862446267
447233	347.6054948359298
510145	415.3377815311415
172094	389.7034477466598
23843	377.06459246201354
413706	180.64912566191646
438133	278.082181625075
141161	390.59787565895044
443987	384.3390091846563
446046	56.89809329814118
229129	20.732957780668865
392487	59.48425453514723
416444	22.147118880212453
197148	383.8281635949565
168566	448.70699552567055
85913	422.06876250347835
24826	417.61584036024175
108494	178.38084507686457
119880	424.1529622479825
196260	370.79875496668893
141261	222.22821259865086
68719	105.29389922653648
21358	267.53191711618865
383289	400.9199357483517
311150	240.99793952893057
285061	131.0515453862379
307018	108.64077585202956
473598	193.86547530463608
282350	291.60994836077725
263284	171.93845195559337
354469	358.5141971252605
56001	356.9132903839123
504708	440.6700467946863
345779	308.82173288948843
66465	393.5359005445571
45297	277.12951303946454
127746	390.02097686154855
474142	379.33043753898403
277099	294.06835716241574
282751	393.7513646739078
488677	414.724338429747
229	313.8341667497975
92371	428.9536771467503
74773	43.911303607679955
368095	379.29774186999174
328774	325.19089135363436
393951	16.370906311185532
395827	384.8883165153721
94445	201.80654448479837
367095	399.2859543984468
459069	463.79405077905216
146735	451.13239131957175
34986	377.5128205161733
370403	302.25594863085223
430243	127.90381432685518
228569	306.41577997404863
279443	41.49576723057878
510158	371.0649341854941
485320	8.536027915178721
35930	454.7824928603745
27486	279.85649524353096
132095	408.40117079435197
130286	344.69635127323176
13249	273.29591403067485
497304	357.16816280995715
37469	193.3745765351179
377547	199.4441933532041
432841	63.40604577444459
54206	309.3419458929833
495439	49.35774195926379
255355	111.63640403205908
472292	348.02857602150124
475171	160.3188578380238
72982	398.5896631967468
472148	71.58092659992846
280996	311.0835328752208
379578	336.7739217892027
330720	37.591352062859016
4775	256.31912966474573
344973	449.8970870238995
162893	58.43977870095257
339105	319.99446864429063
494169	288.63383307571627
132717	194.01091206157395
308595	413.5683231431081
276122	430.6242404448298
62222	153.493126860801
346791	125.27438227621126
211412	344.8784538495673
1140	225.34908601573483
244408	31.291930028702527
36118	340.41501050736565
239510	244.85879933251076
289652	20.048705587235304
259521	419.65529860918474
182368	161.87853597588463
322765	378.5751948145818
195860	90.28109596612637
30872	350.52020433376197
120250	375.4164880459002
41630	93.99626837785183
126499	193.79813631081956
110316	408.38294833118147
168253	348.5844217923172
463853	325.9460376866152
359455	357.830577745108
348859	59.648525626888514
186450	311.8810918219917
273981	370.25375904332543
126554	42.99604011265308
449024	18.73954389698975
185442	38.343936856525154
231678	315.3873185783063
433812	47.129757439229046
298328	108.24808210778902
322002	146.96921809860194
182776	340.13373447493706
74935	19.453596025116802
507555	33.67634743108269
402780	366.87507698527384
181748	42.93719527291876
152902	398.5423944131445
62744	369.8043832880036
437290	420.41387823886174
371468	312.6372167724957
409024	8.49513947116194
408129	36.33048227722422
200073	15.820033007273585
187854	397.50245085555156
147935	319.2809863089238
496345	183.09996394294328
66701	97.01318448230052
167261	462.962819766809
387902	270.964721848599
379091	121.64443973534495
197839	386.9603999227713
384084	425.74480359299565
124	430.50282845178305
356988	371.22523990723136
318128	54.94662795433381
343368	40.000931096273376
512873	341.1026543305697
25353	273.34888452667377
40460	435.99849101039473
61541	362.40267242313683
34828	350.4292684120646
349762	330.2253117901667
139922	266.8789627542438
261370	225.62666006426434
404745	33.16181519766757
453137	45.214880140171005
492582	143.38281072709276
274918	345.167866359764
149483	277.91363593252976
26778	164.4847190992387
342467	375.842665962802
28071	422.64694817633773
459549	365.24065342292084
102804	221.72724099794672
654	17.33961086496363
289654	25.296827390961614
200638	376.0438113791858
317141	298.2674468273096
366224	299.0694324704501
133303	278.5046198131006
312623	8.633428729300096
7784	172.22936326410013
475607	112.0980042346071
41843	314.5678924566842
220208	423.17893732342003
349110	422.1252319954767
307629	404.06894414744403
62722	308.4437285277392
316866	8.092411519742043
484394	446.88075259810006
3756	351.9154077067647
465876	423.7285165574889
211101	330.7628957749036
83107	434.6484604789935
295694	347.9912888184213
495675	376.4865651152826
381503	200.08067480682905
59459	172.08444743933555
187415	338.8363772028731
354305	124.77868461560713
67916	406.999797757231
346854	14.766536103091882
44982	84.00561459509403
163079	348.5003485862483
445333	420.1608818005734
347546	317.53330268111574
185640	271.18519158814723
381574	415.3098935386091
220531	420.3186692058897
450925	423.37918416949685
126988	332.3676068120887
147527	296.71024138489804
497480	260.05024246082417
275468	430.6138458737758
393511	313.476248816617
360670	99.44465850252055
361662	428.7994773208023
271129	97.70683689757708
170746	359.98280942847174
125294	446.5342676539765
396520	192.55486399601375
390848	234.70698502851263
497184	79.12653113616737
474268	312.5006993408335
26787	30.575258464574585
166571	302.61285142631476
501781	242.83763142920859
116856	318.51055293755803
436905	296.00608663001606
433224	462.1372023828214
417000	40.883789259504155
301600	16.98052662420063
106203	260.82846832090405
485421	265.5797243746644
135457	405.3988354123041
415406	282.4797960173587
326675	383.09324289496993
145840	314.0733516502674
17819	328.154466901324
192271	323.81273561886724
311156	294.35172267913754
70291	199.86870985968483
232947	370.9152323377194
362609	144.1124490198737
292013	440.35062475702836
98278	30.009964493945468
129434	451.23937697379273
452129	422.7930358396089
340950	393.9338244997136
235902	41.16433782452645
257433	12.2288043957984
134846	71.38551831728334
8213	327.0638641904663
408573	11.619842466060776
329950	328.5222797866373
488960	396.4293294848066
439465	406.3356769122203
224327	289.72812724954736
371730	290.86705465321927
371251	323.06819296533007
319928	268.0055543557132
257599	431.20755680875766
315564	433.1483172377803
8817	318.8382367684808
161603	210.46658404492933
387116	368.21758305908253
131365	187.85394550913628
105312	235.31296177459134
351621	10.518791521396807
160285	466.25996490121355
507544	180.21378031224677
251380	330.02138468878803
283342	68.3604911009132
355821	335.70862269696073
481543	409.9240764940687
268699	243.80884969445094
343099	371.4830898105939
65317	229.62831499420307
377084	323.65132217798833
18447	295.0334465394894
80494	345.85774088665164
291497	70.56542488381052
507365	120.67840821787583
123122	449.35716780705445
293482	428.42840427216794
403417	33.52023977064085
169645	82.7039498227544
246636	310.60484734228163
5773	223.98189907661697
318575	379.5922105319961
35237	264.0449336642338
277057	276.4338716383218
20905	326.27956936736837
233015	133.786264025753
50811	369.4038282996685
260209	330.7480070386237
191561	179.69609092526315
183343	237.9542931773557
486539	306.32233275218204
149464	263.72503619958997
183698	388.26426202019036
115447	400.15020803134536
78631	13.047832904839154
199839	372.3545538886956
270097	305.31883691421837
483979	85.92828405177588
174479	43.13378857632996
104848	390.46185334854147
154623	271.821760659744
273327	178.677109029472
357465	319.87009913384185
36146	86.84593884659168
106840	320.87170924620256
133361	108.40236386287172
202003	383.43162843951995
130474	358.85054173281986
277564	423.5018971518796
169132	398.00733499976997
254337	177.41843259855992
335899	331.0853048876263
222732	412.12403579257074
137916	247.58792751691092
497100	377.35222143620257
159742	223.4852840220096
229624	342.1943829701011
164834	426.16264629202976
512804	121.00924432055912
514126	69.29933169038752
223890	315.57838583834445
178245	209.25043365907973
507396	36.98235695290429
414348	227.0329983195329
17496	230.68653719485013
176706	426.088802307777
429058	377.23648932091186
128462	168.4276366603857
120381	378.8312752708449
265121	337.80809155044835
393260	183.99105979745806
383766	201.34085369181741
348750	393.00076573396734
307471	48.53319859056773
124487	331.49775180861656
250797	349.42491438413464
448437	267.00233676482526
483097	412.27591945200425
422364	372.341794040717
339593	137.7874750993996
366740	293.16848774780914
24340	119.1606695239228
36133	115.42155109752973
340779	162.25952308200374
45775	175.861346603126
428048	349.7326786677409
445573	333.7817113021449
463794	114.87227292694624
162155	408.87158114396874
425175	425.21425432164233
75823	335.377747843963
13026	373.9550426899574
184528	178.8028307612092
224600	394.14997381132525
407535	422.3370614495915
267248	70.73591863171664
18371	196.7886486771308
379471	67.90098124526259
249010	134.14441461634206
63289	365.44235003629177
391782	6.836490605246403
485023	355.1902027872482
417927	30.241778121129045
95901	337.820097884008
247989	443.76258247407486
101792	300.39846858886466
9396	457.0570215484605
437607	113.27180738565941
325648	364.1481708134927
53634	279.68698407538034
332533	383.381577088276
166155	85.53350446651514
249110	50.62629453834973
378635	364.92219727237693
139467	199.75840723271276
52829	302.19255812457067
363553	314.07243975459545
176216	363.5054563706425
415569	396.93836636601975
302506	294.8709203606486
181398	385.79456963466106
376628	383.6135314083206
128699	99.04455631908557
83932	17.595457520924736
56398	7.78231744584533
454922	276.3465422308278
467997	324.67297995945194
134818	218.54542470857376
455599	309.5035186646358
141286	301.84452373343714
138799	353.5760400975645
60071	321.9554890654146
467151	3.630944555850592
111347	157.8988370576775
326026	61.966504662702945
203693	421.85916313426196
79686	350.335317662026
273719	296.02244684228697
384806	385.03793756805817
277397	229.35616120708545
197303	352.1715365624167
493408	447.2477876113229
294649	290.91561187900254
372845	317.11412688048785
281753	179.46154158239722
114710	36.6659222847437
478286	198.86705129381062
331224	26.28202624461576
474735	382.1828465384357
249784	304.25235398697794
468264	258.7111147461953
358686	400.84137165957736
228279	361.48440683026877
379332	375.73784944137566
456803	381.6823424265488
262804	333.89614285040506
26791	147.33216897142137
434326	389.1397925699369
512780	106.06078201450902
280592	408.6802536237101
100857	21.20244693272469
382087	347.3056713815401
509720	43.40882738300986
117861	454.4125212277518
297363	274.32229549521566
416911	397.30099483617903
411416	175.92683708670313
23834	350.88938851719456
479241	462.38537957972636
30999	193.3228633029675
240781	366.9804189708945
316782	277.1454040709403
57567	43.19766150914724
410909	95.80924701720595
103665	37.83911043277744
457870	377.7399316704248
416123	20.294005390694203
419432	370.52166988241487
336163	142.54295747805978
347786	129.82021742801226
483151	406.2894163576311
72072	30.931108108142634
437665	372.5332719324021
51048	237.87091959361754
258386	63.732590209242844
51365	109.48052232360072
376001	79.25486682445656
238420	100.14169170354923
414981	134.64890677758717
238578	422.8792211847941
175981	255.18505434798422
271266	424.45776285251696
490508	319.3616691008293
442729	303.7542358220232
79789	89.05405793981002
112315	393.64172396582785
326728	445.7829315039574
31982	73.76961721771063
367211	258.97557289595596
363922	267.27018357606744
13614	384.884329755804
340214	20.19513207189641
154996	399.4538537484162
388338	341.1394262126119
168934	428.87374318199824
153984	73.12183257365442
31250	306.6002396808811
510039	130.26883021661152
227503	146.4385694200992
400842	252.3410074618257
171045	325.38952672897767
74600	71.58457122547107
16216	387.8950773484356
139668	15.058493742588704
257461	404.0705638097765
320397	365.3591717305539
375054	297.7110550687823
514141	151.48704403336478
96912	46.78410690850103
239573	329.127312379749
202287	44.46423077220953
320825	128.38794775531946
273304	225.56169132556943
21026	253.22112033954693
137695	91.2068947317096
421920	365.8379533357884
143192	342.12708166560986
226052	450.96848442819464
259023	160.2582753956109
442983	367.14712042174546
275343	357.11567136889056
134534	354.8661785696424
319289	312.5367657583519
341531	296.5832993234503
377649	294.127159815449
440632	265.3868904565225
68907	199.1735708744179
211862	346.602074650701
121848	94.69373646603718
125716	341.2215720505386
368987	343.96520787219464
178763	97.47146459891488
473238	225.62062396702314
336253	326.9256368015482
172865	351.26154473125774
58111	304.7836292609635
91088	330.52365776348404
72382	352.79606265494414
314600	217.62352550595384
224270	311.55248058550256
323716	381.8132083176195
234927	309.46319142568365
269534	265.21627776873373
293772	215.4288980901647
61877	383.27648837669125
445854	331.5399647159755
479384	49.376743775681405
71645	392.7645051963513
226181	182.47208718183336
111454	291.48341281079723
297642	3.91880486134343
256298	153.76256783211943
239204	387.672313846135
418686	340.9497215459803
184256	11.337628504143584
202286	194.81160693173203
243126	395.2040229141358
366721	365.0967001194451
239688	334.49096728841204
345497	295.6406762717998
414261	239.33643900562413
111608	113.74973898231603
4045	418.71726604312585
376824	300.5252970413518
107893	135.4570358449646
165653	162.21931174806596
209024	156.43063623583046
251344	190.69645254058088
303344	364.3701769426967
238963	356.76215027089773
172866	330.195254531371
27670	119.97880838831097
246868	105.55968318713336
73765	48.92955900725965
235727	422.3896867118229
501189	27.912847550832762
509659	379.1927590408507
332882	414.1717318222299
83924	17.746571140701462
339857	320.2554120076205
287765	455.24220734455815
344738	412.58402380161533
374901	228.184120315282
53086	425.14112203993517
374295	54.851719171763776
393902	96.82343630772324
257544	36.37043345531927
1418	307.64322571007864
416627	81.24009209758691
107323	50.94759701680178
120046	344.6236021502365
13642	167.19245574736513
24964	377.60374312888894
165058	451.6945140787134
3433	345.88971493787847
320858	186.89871979583015
237173	392.00295039855723
329487	194.54045532469797
331279	275.91807441372043
83652	100.15294452207858
6628	368.18347793196494
416646	55.35810454535382
176569	79.3213447022639
501071	15.598098170779467
169208	315.3643630539083
493884	180.46127164215895
30833	386.38494270278744
339921	416.5530011256403
423005	423.0234913853064
157310	309.0387850915831
284196	301.18902549373666
5190	368.78545343876226
201302	303.0655489656401
167910	408.32553715454526
198711	149.40953571458869
58161	280.29642713282783
325025	11.40162636907546
77818	412.9629565284132
302476	397.88151018878386
360821	331.3129286610445
419994	399.27237267371225
440701	309.574359906508
360424	351.08379073043324
295836	370.4621105328045
13400	322.99925397881344
35390	121.41125489838313
433448	268.93534747782223
498688	368.66130039854806
379868	38.37988166422112
233051	372.51405242178123
430604	355.687936548165
33057	343.23499293990074
124800	235.19089014459215
1292	103.10404020640064
175917	384.28588954504835
101666	31.62678241524771
239579	375.80920526266084
375238	119.28583748226515
513826	22.559235476236903
455150	427.81757903731585
324082	91.85105313713711
458994	110.01680781834312
82100	429.2321218179069
275715	413.53344733565723
415241	15.924485375169562
299199	362.1741906682719
492703	223.10634938813942
76025	373.1952095577801
359888	321.26731647746993
498560	92.72322891018466
369568	404.6345952504699
36689	352.25138996685376
479894	145.35390420889388
390296	360.96336891561685
15704	113.8666247247379
491427	412.28456036378594
40220	174.24129830712764
353687	358.6245818470379
180226	260.05163122088453
428561	406.35282077833403
278197	411.9971021895912
272522	74.84918565698001
384439	288.77730597603966
500429	287.37941375346963
474505	380.07029365197053
416090	403.6169363639303
91726	290.85724616217095
341885	357.82350937576297
445767	339.7588113923001
197873	293.00960334203495
3692	324.5832090117918
174966	416.9992715800561
328428	313.85211197684464
358118	431.7351335179732
269113	306.6384936775372
155678	363.45294252865824
217853	260.37801947702354
438147	405.03709609395105
72103	185.1424196437115
423283	65.35879867960986
33978	44.07908830879055
513890	288.1741510287288
399867	25.39534124822704
462947	379.84848516801054
247317	70.98899812305383
299601	43.248029690726504
3839	371.0150003656041
349763	343.4617274981553
278595	313.70896847835553
306261	153.75699388708787
270869	325.3401213536536
424876	52.47083451485664
185786	354.5380456516229
380679	68.9860878717117
385632	426.2208186683465
469300	362.57035988488093
90648	443.04261661630517
510940	413.8256990820417
454931	368.0118076522711
82518	172.9900990849638
491470	27.539350689949906
33511	7.644496213802153
260770	176.97702720376338
371618	23.670591646657762
489065	126.36974820068872
246166	149.29459944341184
93684	16.60041624614087
334668	56.272629134591796
77603	357.46366388742473
438701	392.4643268599299
57135	369.1442589152437
286208	439.4406758579677
460763	30.965998592131786
247476	8.568065116017438
434521	255.5332226185595
295012	249.2226673028567
150507	273.35912650515326
454885	243.94546800428813
362167	237.71962012801347
362001	267.6284237927718
21514	372.9963980116304
309317	303.3782314885668
210616	130.5987852848669
47635	378.89225630302553
55521	356.347861493067
490341	309.83149583197263
44250	274.20236858234216
329974	331.9995840187393
104724	337.64434524085846
238645	448.3687646284051
487806	159.3252536252875
368141	43.18390432564272
157970	177.70181132348017
431964	440.900462717569
381639	394.77346372880766
217321	431.9505573900477
23739	73.49790967132331
205872	437.71385357119976
355231	339.1034195326246
227181	272.23469318615093
461138	233.13287860670138
349003	285.94806166194627
245774	296.5764205756393
304219	221.459155438858
313431	110.22459159720455
181563	364.05928199720876
74317	289.433601909196
372622	267.755015326748
485034	34.4842923579181
473068	323.2800213812863
458209	394.11322084104825
399207	55.180525704020766
485461	449.69087479187084
279859	266.30633183880093
376005	72.86324416787241
428871	258.9622382943122
101026	107.2208137283166
68426	329.20336327125614
476102	46.52563325035642
46842	447.2433820787889
339301	367.79011240036516
130943	325.25585307543577
85690	378.8062646656001
463297	172.69994376036948
185680	282.9936620245528
271307	326.6024579565304
375938	288.2795325702408
407555	329.5074182994357
79306	343.40090915602707
400962	363.74066397366323
95247	367.83589327490637
383437	407.4025950365422
305324	425.8459370470246
182838	421.2873411133114
241992	390.9551520807377
15811	287.50600512738856
126438	82.07724858278516
2297	76.09285625163494
179492	184.06994562037357
74013	73.42442242719758
250942	345.1216307636951
160882	132.41781166418536
447528	386.5452540058913
7147	59.90025692763282
131094	55.24736318851579
305176	233.029065075658
281930	318.2530099043878
141550	58.97785716998833
245570	373.7463376078566
173223	303.2525432717221
316242	329.2665270125133
430716	175.59962149909703
224260	285.7019313223126
158741	302.7689548047931
25905	334.337242765215
326178	87.04480586966251
278530	261.43957589792836
342207	52.945590055471044
389397	412.2849688850503
501464	392.9811650170474
263451	167.48286144017823
74723	320.370859960891
99378	159.96687476256196
108632	302.29002251024264
348162	171.34873763106395
257154	42.98373103208919
148751	178.23010911713752
54875	39.19073682520959
515264	359.25340309366476
352724	405.15349503862944
490135	352.5814152321955
275385	311.3414266174698
11484	313.45439970135124
333496	264.24719065564983
131998	137.2291838047877
98045	415.09427685723097
66725	393.73312962374166
120928	402.0056198312933
346517	55.44720806281066
36114	47.66267249161038
499959	268.059683261325
311256	358.26122768169205
193646	304.00525159041365
276808	44.100061882204976
490191	157.48807067772086
20546	408.8383680148621
298125	389.72411831414774
347523	49.19526460955762
255521	26.396787844204784
104811	97.88794583838515
413008	209.18541801972754
106789	326.6909911647489
231168	302.14849014804565
117052	150.3157256305633
