118450	437.197553500337
115654	423.36078389085276
280190	392.08792282028213
756	327.1381499678362
43336	491.40378892283127
140117	201.90507413317107
132955	448.32929825918205
33201	0.5633941959396171
67326	0.4578804713156497
118651	538.8611689243146
165230	502.757897008025
144966	474.41013117681507
257685	493.29714789066867
121582	399.78605720787033
75414	393.4617030707897
168935	380.929093597998
175928	438.6656845872708
276421	397.6297490353115
48988	472.28055711428004
155363	54.00819945934909
65667	514.7643665364656
228207	96.75393001244038
275314	152.13076270646707
85024	0.6000456970867277
196783	61.57061763440242
264816	4.638681879287171
63804	424.5169950629735
135220	470.7053077014529
30354	41.194954314780034
186622	369.3286466672747
129729	395.01684431631406
228013	52.77014423989847
66594	485.0830980669647
278277	419.8565135490236
71756	561.04960959676
3920	430.07038866237326
236848	438.68152612040325
127564	366.85228376253446
72617	505.89670096030994
45244	494.2462967241524
141877	490.9013215665501
82737	209.0868656234636
40246	2.6443414694917555
178699	3.4387447673110025
162521	111.00783465171581
224239	355.4856863960036
117469	55.35132053023275
187211	1.6602398950269983
128989	2.343938549339814
204313	520.3717402436606
225345	466.6706112456356
29976	316.43528894702644
152952	539.6605727849021
279427	88.26287075833946
117261	458.489243574717
182139	378.5348982193487
169627	536.8983712445895
175729	39.357851250513704
39058	9.720036774306118
217338	464.3948468705859
189146	1.687977412648258
231120	500.61942489890254
16282	469.6786020009802
77508	419.1361137885916
169448	368.6695762370817
284173	502.47640357899473
10173	30.06539359585788
90875	0.5793529392005388
93399	2.2455590078960803
68510	2.7686917389121706
31706	380.33347816572683
150367	2.5787670196187027
100642	0.5618487062427459
146753	521.8932388807796
154593	92.38719515211942
222665	377.6747588107307
69237	136.49604979299514
198592	493.508088658188
159959	485.37616126333967
27242	451.93170045641705
71023	415.66023247710217
113277	86.47979302224675
159478	2.7232450745053716
30306	372.22211960247125
191886	0.5713613885360794
262666	3.517890793447641
224783	442.0823972359511
6238	445.93230193350166
151361	214.4990990951635
224785	153.46485266246782
216310	354.49370897520265
14335	1.5054807334488116
265836	20.469015910629007
150266	142.96540031605488
198365	388.019619452447
173780	466.6340914373939
213507	311.1762895804249
94721	333.0394041562982
193011	3.1767024514318978
164256	471.5908815300913
13673	459.92771632747036
265922	104.70851397845394
83088	405.5016089725687
176289	0.5824391875409088
283580	244.07436647511076
65967	484.21185489273705
159721	396.34398582736503
22057	63.53771751085477
77863	407.49496390274004
133500	0.6266429661392663
233337	350.008436415872
27634	108.12572676326714
265368	301.747791451535
247275	416.8044760503301
59023	496.53511086192486
41254	2.7519718707447334
16672	488.91131194237573
44589	359.50829392509263
181657	459.6843764697778
7600	198.36474813903828
93711	549.6353547378801
141055	550.4933573049102
137841	44.23311227533253
27916	0.7692602982893609
110267	432.97489454809846
175980	65.26991235125432
148929	0.46504608672622094
93744	94.85925799145433
282666	0.739360894231474
152157	0.4568576750894346
263483	472.63960059645996
120704	555.2172905477006
26611	411.4435091496578
53421	400.1009118928254
155324	47.479016827798695
197028	0.6164771643574715
274004	86.47501955762681
3355	187.56227985669503
116770	282.2886260324476
40490	2.5060243417644985
239184	416.71860378866086
100294	52.62581932950016
252537	175.55056701093346
281181	246.0943889720518
112981	264.074327800487
226909	479.21231751512283
130652	471.7344307902003
70647	1.4702567436064622
80492	0.44847703428165303
229054	418.23093641550895
124899	430.4325605476496
120712	348.8512799866561
208138	483.71416392058023
185587	420.7048454284181
27926	312.652884604251
202552	315.57416814817896
57008	180.01801871087568
121431	1.4979889875860284
47463	460.54384377185426
285045	517.9755125117756
113962	512.3974394056423
267190	399.3941594544512
175504	55.46092751061907
185126	382.24304773494407
169410	393.02647948878615
184418	378.3746608921765
92986	381.7586822292268
78415	473.33746352067976
44624	420.5734047662335
47575	102.8847220113908
76751	0.4712389593001681
53517	398.12976636123847
17520	278.509263048293
126321	480.49015427119684
219877	506.61140215062613
655	335.08062958849325
219205	10.531408155007869
247335	500.66247049715514
250486	503.56477691873715
62713	440.14693071322137
272581	418.829688336812
19197	543.8697604479481
193861	356.11682138165725
206439	446.6336893957855
60354	417.23816878144515
167790	329.924082293936
23921	2.6788814754703743
69209	327.2547524930193
252477	184.35307083776684
197796	255.6440554535621
187944	390.2820379193795
83131	0.4533389580929914
57410	1.4926285543708657
207510	451.7121625725787
65868	413.7677595584277
277551	482.01419491867114
192150	337.05617248381554
220403	400.05254418963665
216803	410.16231574052
11256	534.8910023495679
48645	422.5197065135911
96670	363.76591995657367
137891	58.07470226528088
222084	255.2486732922176
87262	438.4594306914827
234581	41.84210432532435
79476	120.64166190921055
165266	401.867561427444
52214	455.11774193404807
136999	42.19663736309174
122886	0.5955041226475937
277898	346.5515661161857
115385	401.61417840604844
158160	173.7239413280984
71493	538.1575981179213
1041	373.56702437397075
10131	118.80308000529652
118289	531.9262584234682
69915	383.1924160522342
136727	343.9736581467873
91250	486.2695888848974
82065	347.3892204642174
244993	2.5748564616870735
60900	2.4979037994661124
39143	517.2078760355554
137753	0.5889494889153617
99524	162.59267126044958
78488	388.58066216234283
230698	511.82717330307935
169526	527.1717879992681
21135	492.35952857327203
94592	377.4902591120398
193267	553.1177431322603
94423	460.6166806492566
233431	389.26242022674785
277150	411.271689019356
13145	2.6595351653048374
195527	355.1064341923925
252115	514.1735903029331
43887	443.35805966937704
113677	0.7085827410111469
89274	537.7898934404692
267496	494.3086444073118
114150	492.33655586798346
16459	456.4165543026295
226883	506.26488375191985
264791	95.71064535710863
47686	2.475236623432187
223051	518.5944220090913
69541	491.78985483098455
176155	34.653415986052
212889	341.04671440510066
268358	438.34879799625287
28197	1.4970999373674934
155036	0.7122028912831663
85427	395.13582354683916
162316	223.16374094877895
187536	10.894240901928748
174893	467.80747447305953
69184	440.85380848215755
56151	518.645260948163
87141	140.94001348882713
148165	73.80265857594466
43585	557.4540292795929
45515	472.3047225320979
132924	32.05220215062418
6962	459.76280018678557
209701	392.6622036992285
113736	118.61857868674767
170812	529.2792129996005
155679	429.67995740932156
72800	475.13424830018994
124823	437.16700729577263
268714	509.1574519280272
34877	368.7544101006132
26630	1.4851928699930452
94682	377.45834598185627
157596	266.61401368720203
42841	365.59744392371096
126550	16.05489862789612
206364	430.31784751703225
199514	318.9039259853727
228539	454.60408504485883
211400	448.7575584139928
154918	127.70186097276115
73743	348.83557183106365
187493	485.229269589598
116403	479.2563727603895
183178	471.9919956544499
218444	518.2882891850958
159971	503.6767226644557
240779	448.5219173525252
80361	321.8889319907096
114169	368.56956023563987
162485	309.47480913052163
136833	430.351533740085
30534	0.49417532636263456
3338	205.51219843749956
152196	466.05021754330346
203444	1.4848024541987657
116830	234.50141963729504
10092	39.641855624297726
227834	446.95417922010256
90774	259.4832789298988
123712	554.5475560978823
220340	448.2417950980399
164027	58.170448611508746
216656	335.0396104116628
155645	407.02416182528367
234997	0.7764627281220146
162478	391.72577721407964
264127	113.10999517268026
130951	518.7058836409045
15380	390.72911205200586
201164	486.82849028047013
137281	42.92084304379553
165772	407.01560378003614
159706	315.65955574736506
234959	231.31065912563201
178520	0.4426707373802541
285317	425.7721177562643
242755	440.0276404776959
216936	380.37665683948745
133838	430.092888301471
44613	482.53342627176403
163813	83.6214206938217
9607	228.10695189985924
255358	461.185170303859
181013	325.4585255459547
273968	493.06410330538966
159779	394.25876686289655
14121	2.7944421497178062
110086	36.189796939470305
78557	392.44285611570933
92918	466.5036145043193
27468	194.37395212716063
9904	25.69881876692389
134363	250.4285742012518
137240	176.9901465981838
155553	30.02437363834965
250150	0.5029697395788267
194312	478.142190485242
124709	439.6485149310065
137171	41.08448872793371
186256	371.42593381725743
77613	503.1489149553665
29892	448.45858352466075
100205	190.04075372387425
108647	485.50675045121096
32598	458.9648982675968
9842	67.87577289005424
134834	2.6502757126975167
7950	21.681229102081637
12396	2.397755140270686
94121	469.02442110116255
141492	370.5830003233928
71588	2.5734131405464917
187594	477.0979444713394
32190	0.7323998582036366
175787	205.7369468066926
268394	402.58458708101176
215549	371.84091190957577
253155	0.46868369339302085
51127	449.74187931387917
10989	0.7183475265130032
169036	351.0947532741522
91423	383.88112586562687
52387	420.30663535544807
71664	293.02902852068627
155514	15.846374299276578
282374	199.13703437838348
14089	323.066791925992
85730	412.08329908832263
250571	1.4512964254525194
268799	525.8366655568612
231841	2.791585262378425
157901	401.0492818812076
58366	93.7135935028588
176705	1.6208906771831484
73239	2.783303847962122
269602	141.8016304244954
163132	40.71065293002404
265984	3.613204480434452
208644	3.667374403263838
69178	469.9272188007786
146756	537.2866453569326
133585	310.2121394449539
270592	219.85441270366954
31987	231.33750160662944
93334	429.7723634089773
114038	406.1555701596484
74493	417.1948619562602
195550	511.6513443077605
235734	445.76283740178667
205037	1.4770215227221701
97164	44.80585491336622
281355	538.7763068934712
170990	1.5857992794348383
194186	2.520558522998331
139780	432.5969554857326
117408	434.9773432946148
91028	6.6860410950596565
33579	453.9650690687458
20635	330.05212692168516
273448	317.0550720720948
275197	480.7585094784962
212536	2.5177158015246452
129591	510.35971940436957
137596	452.01869139062245
151094	214.6269756358239
97854	1.6314228691883403
283314	411.68191140932737
30594	103.21401738187181
95468	517.5387035032709
92749	436.96856190820745
142996	442.9807772400345
89523	530.4601945183508
81139	337.3656909913173
79631	421.89427516185594
4662	490.82708483051726
82018	403.29212009933053
91015	125.1559199780838
58265	84.85230870388202
283163	378.646637633145
10381	34.51045969509148
285140	433.16829895472983
103676	143.7111955439266
89865	475.9328064985679
283777	83.24290045391616
156859	503.5171059657141
10305	0.7043437408913646
151332	477.0871739168103
126211	490.2637659846415
181633	233.60175046492284
78213	409.1731917000746
266852	423.1391085889686
155027	66.21265336309884
98891	109.11840149884516
122529	85.74554303486566
242222	389.9209475283262
189526	386.19790937884983
232533	264.6615648925045
208132	300.4961058489114
38127	489.15434360637147
276299	452.2547197827383
178372	55.8011231495747
245456	384.430332881648
162736	131.12980615954834
122777	42.019828565037535
224915	66.43297287591979
128444	426.0161505765814
20501	100.89849179270693
218904	1.6269935857433107
41430	481.63955008066694
226836	501.4431536653477
164244	519.3371630734584
54736	440.11893540384256
110984	351.8570519109246
28358	495.6574670722195
192490	363.941521932845
176160	331.7486792143364
252443	98.01402299219885
218556	365.23696202342103
19118	149.7758710299404
197119	205.06188999269972
72739	466.97853683843033
169195	424.497682234377
97228	360.948580616212
101251	197.67035858276617
99448	170.0449884598954
38998	479.48175964006987
50453	398.0488145652789
221309	482.0876812517382
253319	3.7388393003246
104030	412.9536841149652
201358	451.6401141823865
224173	34.30429650709686
184246	414.8505524703326
195684	88.56046582634771
166504	129.09488852136974
146248	442.78094416764566
273205	493.3118573975981
182187	0.45437988666730056
267774	473.6224372594492
88455	516.4263087162268
188027	457.63760281296584
12437	478.98561648054715
278451	465.9709067181287
175629	98.57117772646757
112038	2.662225040790867
79428	0.554307554142528
191989	421.1991905237406
267371	415.8397877012743
205770	463.92494118210027
154288	556.8564685801551
52506	1.481756641255826
264468	463.518878884067
227581	305.9178855060235
122843	194.6960934464836
49317	473.626831125013
124610	347.0894019460389
270928	0.5651660420905985
262496	0.4541724480910308
146588	368.5639553526429
9660	238.45479726789324
181307	119.51766152642028
84365	457.3690393026355
264146	440.70751835922783
116931	297.4152342766199
257066	395.67257162179845
196201	2.711914897228245
92361	1.9073011735854446
100559	150.41687836898507
138064	395.51292981832364
121559	448.73087571998474
153466	558.1947567830852
169339	81.68514192541447
8277	139.62277748044903
66950	484.31071722863413
154502	46.059144973924084
261715	440.91943187616323
247593	1.441883975180537
31747	60.816103784146584
58896	525.8930653561802
67852	107.81103884797683
282798	76.03010909430748
163682	254.0866887112967
257246	415.07322775091654
179883	505.6123326378604
53507	1.6918372017850576
276028	1.7010044808058422
46015	512.2031347609945
192745	452.52260347699973
175868	353.18719461538234
130771	449.2169147386489
112302	1.8901212627635184
31223	471.87980961389275
225141	2.5523844822257313
267040	388.24924988099053
149527	434.89534496523675
37179	515.685242091128
244662	398.7819443137403
246054	532.4235042434124
13399	504.85724754466946
112128	534.439585640852
10497	38.8762580428152
81779	446.3148831109686
42812	499.7109489724897
90272	366.1569863654412
277045	434.3867638627673
184792	463.75654306692144
57308	386.33414388222275
203215	2.6274464236116497
128534	28.71547125590709
129849	345.21064063408454
125008	519.6978570791207
151081	501.803692226833
40295	392.3651277359359
71164	336.37784956427004
242749	379.046517363912
193345	341.7832407941611
243110	164.76415199539866
49548	375.26694540481174
128593	290.8937468058245
259862	562.188149429073
62475	450.01052670844155
285314	480.34676969669727
121740	485.7177388840335
242270	438.65273215702564
224220	183.27788066795463
262924	1.7229594730167739
58738	69.55064134901032
279772	90.72067679912453
76780	410.7571455497505
266074	281.57779526881217
40442	519.4483436062103
262067	79.89438788912746
269326	2.413402732959114
42966	518.1022238435443
15569	419.9565361317939
108457	1.8657296788283635
278036	517.4583447835731
261586	498.4293681462709
35738	17.7756811471644
163849	128.71831401940122
224094	174.93948166452475
272727	456.6035659264047
112096	393.76801996984454
157761	2.528447490606464
177912	473.43039909596195
137011	135.96821882878058
219037	460.00813831898125
181812	289.8156563077708
176168	311.07064058761216
132462	511.4731961575942
143019	1.4008475921659234
101417	153.0564632735635
191907	338.46773256630684
163802	352.69685060821945
171543	435.3540195971457
98075	424.12354535574394
89818	474.06769891560407
49145	162.90360401973598
24578	0.741987431292827
127646	410.76860094166375
60626	2.4225705076092896
42130	0.45875726688172297
3458	150.92366948321506
246415	420.66769710811116
104861	322.4928596508845
98172	512.2592465821691
191345	395.3351437282766
268294	1.4605701102947508
217395	388.4024993113233
59739	493.9092974525734
70953	397.62725787357186
190151	1.6967939998452448
278206	396.1314225034118
101514	345.46893865941905
113185	228.78335606460755
72191	450.077888263715
116124	348.6302535388584
214660	511.3827514726376
112270	383.6668424627503
243494	452.94909190082683
22143	151.9469081870628
209306	360.56267204379486
257647	501.0469015329695
268624	542.6456006333274
20966	3.1057940959840633
198639	476.7637858175506
117937	534.7219405982546
33332	179.488849162183
256641	1.498029362314163
133574	382.7986626218354
164118	88.55352150845202
173096	65.1719298611421
173838	384.1406829379026
195267	398.723551870429
77206	448.9551858242708
167959	417.734035747507
30559	28.060021196610194
69257	398.1158034589843
273144	430.7424115385119
168084	411.70156463014314
31671	156.98962793029116
87450	466.4985790455568
212385	490.3308922543682
10769	385.2250688409707
167400	327.7132994112107
136931	454.3231147319451
200901	527.4978708457684
58783	108.25905342248788
111547	157.016667510938
136177	359.1689850646582
142689	366.129547915749
167836	559.9984393856614
246339	472.9226623634104
163899	0.6000456970867277
100319	103.3132171488618
51556	528.966351279997
209329	417.7592549669241
106907	464.99198412193994
200318	493.76778736467804
228067	399.3972634149562
191124	419.3551980439847
184617	421.3401037721789
154428	44.845314317396706
186309	473.47678648042563
7506	68.0488242612281
110075	136.34123888980062
16836	448.4477858092819
21956	0.46727355004236043
3629	453.1289053679858
126922	405.0910097699584
224851	29.52818128362445
109422	446.2266454436196
69618	510.35472784470534
132668	505.53600702042
101668	43.58513953404307
39926	476.70358171718937
193348	465.42784195092963
8355	36.12080503073215
212977	491.9761805644081
39324	402.0446443624793
176728	521.2291171256904
104755	475.5426407416888
145684	2.758948543675658
143478	365.7969378038155
44389	2.4265716895497524
86132	504.0797907822863
72304	2.812817384936475
183474	105.8407400527119
249978	66.88349885796502
21243	340.43406369694065
201102	457.66432902720925
41181	277.64403346607276
67502	523.8529405942758
247933	346.10234773409275
73902	351.46361580692087
71938	423.68327581273763
50327	515.6239566206966
237911	472.17535723876136
20369	335.72425834778164
87410	1.4248669280527742
166473	154.41748334417824
155270	40.97839881715582
120271	399.83892183070435
232943	1.9358879626224252
232215	490.93650491488455
6436	426.5172705364222
239541	368.04332992092236
90205	267.01956445095624
81329	479.73232462346397
55378	443.09445947216557
190720	469.674095957045
196820	177.9169243735657
195843	424.0579521945672
2910	2.7145329994408987
38234	397.32407597255406
274874	442.6524513347833
133565	330.29056772176153
132184	382.0053084750361
130761	400.97105239457073
42949	172.00789316947086
241060	509.7481372532135
148749	74.15784893406456
176462	166.07031964085652
225861	511.91225723412157
128526	456.8439967427883
224767	0.5815234391229482
217961	499.8833953965069
120785	492.4499630313216
29092	331.32098134939827
98918	500.85162099335315
157358	488.8487568166921
163833	96.18338328655723
279790	6.411673417424957
88268	407.15153292202564
167950	487.3651888311291
84375	45.72572631556313
284475	490.0369161663467
38321	432.1915190595212
83611	474.82002068599206
98416	508.73304405235314
110178	372.4466322906849
105568	448.888233135275
140048	422.0829960562836
12865	453.3581092199991
65216	368.15575363986096
124358	508.82502563809027
185661	545.0200245595854
117306	433.49033868717976
278093	1.6648696376579906
28348	459.8870794294652
123700	304.0233490760148
80737	493.5290357816571
77084	450.31261771605324
100901	502.3058191675495
20523	142.63905495055502
86101	448.4633757347313
154571	357.09648993620215
131756	531.9408474834044
191163	43.07529787821883
112193	382.14916485521707
180695	78.75966501757809
253773	475.32588431424324
18892	465.4230259768924
201089	528.9115284565979
137083	148.055612981914
38116	495.10731168595834
185716	11.387760008432728
147172	342.877306252682
113786	94.46570256319116
191522	115.8700428131207
145601	487.5894199886165
254935	2.485005569954604
215217	430.4349442150989
82431	413.373756787003
82191	489.5290870898636
259556	408.0355240640433
122917	326.96938633766115
253791	474.93429154742125
181331	369.00015861521865
229605	383.68187566675346
79501	192.6882751992272
192248	390.7896168736076
53926	458.19682971006364
264516	443.3791225811694
80341	437.26787875754985
184108	344.7736684394127
46490	2.6090031839174332
113628	137.52294831643016
113717	185.57733590636323
228356	35.81135220674738
65170	420.6429965623163
276371	425.921937730399
137901	96.94367164347568
102013	1.5162259688859954
134534	457.4075984269893
88507	355.788739553127
61472	379.66794652939296
31380	385.0891498581708
22167	258.7140553482965
81107	453.3430586544789
121758	398.5634171826374
58645	337.2149111218559
249672	447.34467021418783
277082	1.4878142683596538
102871	448.4804959545317
254179	81.73406323922019
7485	332.2581364462856
8600	497.10817605555985
240014	387.75710093342946
32857	354.0504515463368
261401	462.42694406535634
10676	134.06705653813052
153762	543.5391234549558
134222	422.5164372301888
177651	534.8163274997731
166722	222.05168762386293
44768	131.21931372680285
264640	0.5134647516507087
186191	413.5271491146726
56645	471.16134934538076
47456	495.790084763068
184095	473.4073967780303
118437	491.5220795273727
236733	535.9256200954709
24531	55.740727399008044
275421	516.9034401260855
223210	505.1948624926173
168932	456.05529685045286
128376	446.4356839710418
170074	72.61730050573493
181815	513.9714301933318
211721	405.09736998572976
157945	449.7944466092275
183801	492.8409901545312
33679	390.4730503962147
213280	2.8123995927770835
218199	517.175093067456
38104	422.68083935405616
213213	419.00218001881547
138255	412.02599668201174
175544	39.014086503385606
155220	98.97003462017393
223003	364.46310502494873
166848	27.40737913761625
133632	82.04489806293347
85267	400.4969918290103
234018	454.62072266795417
87658	478.5097608683407
118551	505.59733320992706
92885	514.5989631871605
45522	524.1627613110586
39566	429.70821615722195
122250	74.6472235435598
50270	1.683642078165454
155570	18.339722918647944
159027	504.9993947651566
267061	114.52391924094992
205922	463.28016330260283
88246	1.7079879670715081
70400	539.470596031241
257776	427.64754161663654
137694	116.80987363269641
162675	394.30970578497676
270139	400.1309261805801
206376	485.80891441769586
184548	383.8070739590569
190648	513.6877478664398
280030	1.9213589985856814
11335	528.3853897944557
216255	403.7972468216433
160338	431.8168363169214
233615	448.22591969031674
63951	518.4952903099303
54142	522.0174616378205
128834	426.91309890436884
27243	422.20504074650904
67647	176.01133014292597
251205	462.61551595558086
31857	188.28493683064073
86392	2.53343470026931
210448	244.82732641754134
133862	379.5744361077903
5125	395.6950671098957
162787	218.72291943390832
236197	1.9190579274133728
200067	422.57099223397086
55915	550.6608910823923
135213	295.6311813280142
107930	412.89914750912845
3442	457.98804955378364
113521	95.4034554527183
15160	428.33798398308926
217148	377.749337829987
20750	329.0975904651022
196966	81.18866786680093
82603	223.4046106324707
1845	484.1749523227553
91170	339.44098025826406
175019	391.07728558281156
67436	273.9713811994199
17544	516.3946314170954
154202	459.24066224325514
4032	439.222865608633
231543	427.60135888887055
35550	417.46357520580636
113363	165.74814682447789
100818	6.157864423187545
133251	379.14897453713206
86090	527.1971774117026
256015	475.8883125892541
48450	2.712239730218629
238425	1.6552060379525206
178005	229.79853001008698
112879	480.76336764062694
196331	359.6671042036322
224993	367.962081438026
248567	534.4804421594903
102598	451.00478067665426
180705	308.4205284189341
117680	497.5078089623477
27778	61.670098998860155
252606	466.6393800139928
58369	188.49872752452
273817	468.94463636881716
235042	318.70932344353764
246811	438.9713307139043
88249	503.09969886984516
84016	414.6660480560939
166646	24.82951551539024
59947	2.168458629019482
172478	370.5426742776204
271824	445.9311085978536
148672	103.81517575956656
185225	443.2947326724748
31965	224.75648148896568
207672	78.8558705744145
171026	507.16508063605596
20710	378.6275844147853
93362	520.2556162193767
152295	221.56196117219397
138906	464.5881301570916
194548	316.7332414758807
99445	111.9496017125608
21709	87.95974341554178
67474	400.4263763516942
124446	534.5940321207795
223007	367.67020471658816
142262	327.8940849588101
194939	471.76302503374654
51876	465.7511135238699
235146	467.3716975989095
104279	528.0093720422615
137877	129.2952502118427
89519	319.052214127232
74053	476.0679566617202
44786	160.734371392001
170664	408.99884049294434
270986	237.225815235415
273713	449.6923048803812
226262	336.2816790967952
263128	411.9908960787246
196321	73.30977679839889
98894	234.8538562783892
204879	402.40741381985
131663	360.55368868020616
182304	194.09345952635584
254944	484.06471101748195
25158	347.1832520660342
248618	541.8690385708819
140133	1.6969504407918696
34644	411.8473639889209
34838	494.2080876811062
282934	458.7221262053881
244291	497.978282596359
60735	515.2217695404391
110859	446.4491563829415
266009	172.07535787061775
249639	101.326597478717
276087	539.8230450612222
195273	448.0863267968694
177328	531.9128917740661
143971	362.98226861072544
121467	440.9308045364504
227951	96.54008243429129
247256	480.1478078181076
178741	113.93758823863082
150599	507.3665996063198
284753	505.49334556381115
155227	19.615009254480807
31782	22.011370324562122
5170	378.47345682255093
19522	145.46991888159198
92111	2.950667915339856
3988	485.67832650876056
153958	352.8263840263246
