3160	254.96943779428662
260594	229.45987277354678
240272	0.7361448718027661
90564	108.50300384471389
271050	118.39827707855466
29911	244.14684229406808
247228	225.70993274771809
268422	203.9578274076014
276028	0.8505022404029211
3218	137.574760716997
113677	0.35429137050557347
117126	17.254826481059805
237446	99.46859809610423
54881	238.04538323832114
65934	214.07962492480604
137753	0.29447474445768085
26232	219.01786953705965
263532	62.42548967189605
216785	173.6272417994024
250571	0.7256482127262597
27541	16.75621925468461
98174	238.81068211835998
258887	0.38225325381782904
120032	46.83004016433443
114233	191.48233358129337
217239	195.20679270420345
189146	0.843988706324129
162189	221.0148334675361
30322	76.5827319867909
108406	268.45048194193123
104792	220.29996400200122
155036	0.35610144564158314
146898	265.2815342306817
214501	170.93254237425194
10305	0.3521718704456823
101271	84.3307443811273
209438	238.49809118917543
27966	85.83295554780044
41215	262.37329074329676
51361	158.4460620996637
147586	248.91415419803567
90994	149.09850064435068
224816	119.23113421531643
160812	175.2469874832131
77724	219.36426393207662
174804	238.40076141455083
247662	199.21150884019895
113123	211.22700425651706
196626	155.61004628758732
9915	4.684065317690578
282394	130.9353278046688
169546	236.35818293571938
124422	190.2860341392476
279182	99.05809218614836
82321	20.8490439930637
49523	198.79356664858966
230960	228.81800617851988
41446	124.64188053075706
137047	212.01969115276933
24578	0.3709937156464135
9696	84.86935602321414
169336	229.095474061652
85432	228.36710684597983
154410	24.15737752034231
103838	168.2363379869542
7782	21.194961436933166
172890	260.02829446480746
248904	244.42508623478244
183312	1.1889494080482435
207991	244.82178312247132
147937	186.34537076699735
32495	181.4965321564025
93921	244.6327282590302
146255	254.1552004931384
14335	0.7527403667244058
240246	243.8493225124071
67632	140.56293931330737
282203	22.608314737259192
252631	211.46899744497443
149815	217.87855191809604
20579	166.1650196425273
173396	0.3660559091785001
270170	140.2254700074702
282614	51.38983690144865
27778	30.835049499430077
221835	217.9851448229074
173445	158.14305666565033
133262	184.93526086997073
32380	100.03335362585207
156199	193.39277897922457
88312	194.691528021723
185349	203.84429070992283
79428	0.277153777071264
149345	1.1999685287404942
277840	196.14640832988147
8251	0.3533756651063078
166758	85.39523334631541
216885	192.91528926665796
166608	50.16839671030714
64230	260.88062691851013
194186	1.2602792614991656
169589	210.86322593063844
266477	103.3352804872259
250024	220.4754619323161
241460	245.8332676800718
232116	161.51970109052027
107221	225.4708503042144
208476	0.22830096810262235
149296	191.64503787422026
224241	21.47085224694485
263034	228.48066764145221
166460	149.0298534587685
48082	251.49614560801425
158224	233.43567210376693
257294	250.10697088514402
148497	46.286783844091104
218762	230.40063129183707
148244	156.7638155680211
201502	216.69712682059088
118866	175.96999857355127
166779	0.3272364402565678
26306	237.4822264939146
64290	261.4872122147554
249632	235.4314256330578
150663	206.70891405567352
264640	0.25673237582535435
256268	230.07678024663346
46097	232.42471111866598
134682	226.12719394710285
125169	265.29962150841834
250996	274.6388833976143
258964	140.08775836598605
165410	0.702771027174233
99516	0.35290623075935323
208746	198.42347021655715
28117	239.74143314679426
100642	0.2809243531213729
168344	1.201757892633031
196960	40.27244071463178
168717	226.54622714726423
69519	0.23276801459325147
154667	45.13724072806541
98845	149.5797756307864
88246	0.8539939835357541
285274	221.02130885133187
232096	0.9153448890537476
244523	244.48106030396116
266220	15.750368075093137
245737	1.398071830849248
153952	259.17155765542253
47878	251.49132999001426
261675	258.60930353035025
30125	243.00119162907956
25558	197.65324753232932
72006	193.85410236210092
238359	255.2409340780001
25594	192.00815032677392
155987	201.1349688606583
95562	229.30761696843348
252959	224.34665590843355
106361	220.6313540539235
225123	184.5289269254957
13118	81.27453433434636
129232	243.87416060733736
243246	260.7698578322279
230033	174.92539194589227
90065	80.63078121577028
55829	176.72481180609708
217809	0.8586527846043953
34141	238.78401892525295
163899	0.30002284854336386
180148	263.7100067991837
163493	25.810370743050154
199688	250.69109729655673
23662	228.57867822817374
12981	70.23503411734362
24136	70.47888145888922
131945	0.8576089758557434
191306	72.36196315826135
133860	201.66309378860925
85024	0.30002284854336386
10989	0.3591737632565016
46269	222.8772117851226
256171	194.30056538118592
111533	47.85689108571872
151012	256.02217359218275
53689	193.15927357681718
244993	1.2874282308435367
163594	35.494150732922705
93017	228.31147405115536
231675	225.1424040782239
169599	256.5814121525171
64438	244.93477733570447
148929	0.23252304336311047
116454	99.68198844241124
152323	1.810913882434038
216299	186.35250761936805
213178	70.77445448236965
277933	179.18395305958325
161377	1.1192066440903563
88960	198.02311028380154
365	247.08936355212182
204654	201.56471361908186
196820	88.95846218678285
202407	75.06567276964569
90875	0.2896764696002694
3369	181.67555680964384
134720	246.20978937757351
136992	18.13341551198713
194226	156.986547102445
101142	41.70738940046263
152980	265.0062725441325
33425	190.99097663249844
90470	12.066857580618427
196981	48.592438247474135
6571	0.800834324441649
148283	118.7705364502407
18167	1.2435569196356089
93386	89.34847179600965
157786	183.0365384822484
192593	205.62281600673097
168053	1.224568915284717
108969	204.59109819601358
159183	224.10813111701623
203351	239.15925823519103
60900	1.2489518997330562
191074	34.35064550718441
76799	49.862686667325214
159243	265.7265790922153
59220	245.58610813189807
183807	119.9459137707325
42286	221.17448164580068
76152	200.20227778999472
49377	125.11354610811296
229592	197.1944357927609
213433	101.83162164738941
137022	52.42211268135374
82260	167.3971943477862
253155	0.23434184669651043
266657	212.12548814869407
225295	89.15287154170797
244336	256.4777674504473
254813	152.31130519628724
51184	227.46405388453175
91028	3.3430205475298282
42076	164.8606667663194
149030	107.97989408174543
192272	205.47973005871955
50390	201.45370394665858
12448	274.70556540074426
25650	240.15568639554897
38825	237.74898742327403
83532	0.8170835480531152
271863	224.80070958743715
113893	182.17988673814793
8439	19.602968117194486
87641	247.71557590777468
207817	99.58265251575024
254721	1.805945680014653
69236	134.3549109304561
155224	62.519134772205334
176289	0.2912195937704544
131678	1.2130177507724704
78727	268.7200431376509
192276	1.3611656914991621
188028	77.82976916997522
104433	260.4331242243727
196782	120.35993193342827
250150	0.25148486978941337
82017	212.69406827744808
238163	266.04155424912966
155236	79.62468458230315
89114	39.41759247272925
217327	193.08114249157728
143502	243.59479090506017
133892	1.2083138740083659
284605	225.75688413783595
78758	73.51458386018581
281391	262.1753079989585
31980	125.38915713439626
55145	208.49075823125045
136192	0.7947564909778521
109586	211.94157139640174
160292	133.24016930581658
210988	167.54128102932535
198002	43.51831976724632
37310	249.15658112662538
252579	139.88729609763348
200356	202.70097494097269
280833	228.99746492685364
230629	225.16945465797642
281819	182.71619456678965
101086	204.9971388234852
98262	180.35951544023968
172805	218.70107297053752
158461	1.4075125562535455
258831	18.681369472167155
29551	226.10190306398576
67206	233.0882876260002
135126	0.8460552282185732
239723	182.01029928917046
32190	0.3661999291018183
41675	226.17814964256218
146952	192.8856730837488
14121	1.3972210748589031
90507	116.2080785280953
66671	138.48620936732542
164284	1.2346355666654754
83131	0.2266694790464957
272794	174.26489179144002
245090	212.9607927744743
10653	216.6543884278669
96089	169.0685324976713
273647	169.11993776031505
264002	64.93710729901309
119615	192.47400786832912
62062	0.7325301309363652
270928	0.28258302104529925
107449	233.9146063835921
162145	260.51152807975666
234118	227.63127301233152
152928	223.02715014583592
43168	241.73825495662493
254935	1.242502784977302
77950	251.76272122304033
225968	165.1395461584188
50942	232.10093978544845
173704	0.8678978752180351
16927	0.9976015361764904
181463	221.18200363207495
281087	0.9156776880701406
181628	183.9486260552276
40031	240.75310837039746
26910	225.5931092231793
96056	190.03578533549324
265984	1.806602240217226
160586	171.49920300703022
270225	198.31527418445845
80915	264.2402380008247
159478	1.3616225372526858
99146	186.15573242276722
19435	245.23612887039903
71941	111.51225808688397
126461	274.952015298322
160515	227.73233182470548
56312	0.8742489888140104
200518	0.734508271772465
19725	263.84741369671286
202498	1.2235876783115864
77317	178.55097214927537
24386	77.0666059889569
75987	252.0872823942481
50270	0.841821039082727
33185	250.3003705364247
126691	180.60234601668816
227581	152.95894275301174
115226	196.29234492815388
153960	262.3727611145263
279066	223.35128001085369
11448	257.23443096023146
158369	259.1402267254552
114878	0.8113951173487882
257422	206.74957310868692
47024	239.00277018801347
246221	211.06689057436893
200898	205.09303606560593
150491	183.98833004839497
60730	155.61557723410183
175093	237.0070136135621
153655	236.19567888280602
150538	255.67658272892743
261212	121.09553123133742
120136	190.84595921482054
234794	86.54950222828236
192308	276.2755045991139
253234	167.0464498522709
155040	17.254231483531704
227974	46.33711378515356
67423	228.0720266809732
80492	0.22423851714082652
43647	224.2957766930083
205893	214.65837347176708
192199	65.78493033483736
111065	238.79919200075466
159991	247.9488586476454
112897	227.5207949157544
121431	0.7489944937930142
206628	242.36182700275344
13145	1.3297675826524187
90985	176.54579897806403
166237	50.27312494429732
151732	132.10623839362663
218904	0.8134967928716553
191886	0.2856806942680397
245213	261.5755189093782
122463	244.95250931715424
60360	146.29333099060742
103887	0.8305432693529968
264316	154.78009835079735
177749	40.27159016764624
137154	19.081289766010713
106166	259.6465815500382
175358	265.37913274544906
274833	86.73396174192806
101660	0.30041449415541394
87937	192.093551861366
187211	0.8301199475134992
250620	175.71945719520093
113932	175.02469407996404
188784	202.11259114649138
59043	231.75761730908107
155265	26.040611185851507
72893	145.06363693312863
178520	0.22133536869012704
179103	116.35311784511478
175773	138.9920624949189
149381	204.96257377399976
126218	0.9418570726630822
34703	256.68493665423455
81284	270.23058582047855
230810	230.27094239063024
212017	186.07885904743878
262924	0.8614797365083869
2979	206.67370184479984
262624	223.36502894718745
41476	252.39841492691298
211762	265.08950132544254
179201	173.6902631796736
3324	268.3064657117619
43113	264.5619950586642
234104	243.13760513954318
222058	216.20065657812003
183552	228.11922658562534
77297	210.07830488217365
262496	0.2270862240455154
197525	92.45264469345197
147839	186.71597816078977
92869	258.12563874153625
234622	36.7489703291151
164935	245.20973080720586
49381	214.4321342788564
393	228.75001751070812
138528	232.88608693984216
67326	0.22894023565782484
53507	0.8459186008925288
153858	238.50088771069767
22059	78.97503804307769
115090	224.67356336508567
94814	218.03409927850333
178500	134.77792687194875
100482	194.83422806108533
8179	51.38935855544367
194978	220.3198172476394
99543	61.884846704370375
197028	0.30823858217873573
129051	224.2474731937045
24455	131.95088095227246
5114	196.85779231908433
6894	4.944460644117529
258920	79.18649090194504
224426	187.17696423509815
132019	221.6173817683201
242196	217.82673197766098
217029	197.0136492173722
275243	114.9944769843677
247750	245.36576078614596
133435	159.94887052536444
224593	221.52996794153287
210529	139.38442772002153
1839	227.1356527190095
48605	70.84309834449343
31572	234.35735829206715
209957	53.16361238793526
277630	249.02679154181175
251132	183.90209015050056
52506	0.740878320627913
122902	46.515643985014535
15438	183.08258072333186
106986	174.44534685196226
68308	226.5461423142404
60118	252.10722885618563
117162	168.71422710347585
16937	255.47099329154074
12396	1.198877570135343
143320	235.2160737031315
42130	0.22937863344086148
96226	182.9331300458768
275459	229.50101491477648
63931	235.58038525033476
271193	80.00283062568641
77899	159.55198811691113
229268	178.43259049335802
149237	90.44480861984458
285095	211.5956680664064
68967	230.4531958275357
2650	1.2243041934659276
41254	1.3759859353723667
241303	205.04132430237138
138439	231.1919367055153
172696	192.30725527410416
97576	85.26089314978621
170735	229.26896197676083
281986	1.0246702743596507
263017	266.24446513852615
10741	78.92273292319382
203444	0.7424012270993828
145136	146.22113015999108
230958	173.1970420574175
109660	212.66208638746505
263918	200.59272716978725
178059	95.69825313011046
196966	40.59433393340046
177958	115.36655652955822
117314	0.24440443494494687
264054	243.0408568695144
221789	1.1498379603493567
163046	56.15385731004961
275772	1.3789331583257278
47541	266.62531197180607
123019	210.53086635286212
225760	247.70675664940225
127620	270.2793771828043
26107	200.89877595403274
275282	55.33508807288758
61596	238.82767254911465
266211	216.70519005837238
99538	23.41263840062223
157874	271.3827122011131
44064	269.8007979473854
47206	134.64529475771664
3713	172.86328102216896
164314	219.44863253766974
93288	118.22360366332023
26630	0.7425964349965226
131679	200.01957077065853
224428	12.112779540435943
108765	261.7789463858676
209319	186.86569752586053
27592	56.602889970158344
107698	168.11170783780358
173761	264.4203104239567
232493	256.28364638235274
101904	186.9539597347421
12146	255.70080681424085
179098	248.17315119375712
178650	229.7051596293917
228290	67.07129226343673
168363	191.66352958179792
58711	55.201431977145674
124625	133.2294713063244
254274	71.47551031153425
37365	239.29577119140495
274142	1.2783572978402145
266362	101.13979974093213
256297	221.18164021024634
24065	110.60373079191801
180800	201.65136043101884
155559	100.23950436646288
224003	190.2936949810003
175428	250.92619698694665
119247	230.41054414982054
214875	229.90706099118015
209666	41.677266348086256
284343	241.9165051220247
206827	165.07168805649195
85466	262.033632526668
24684	162.7722733352075
157414	231.46605860223704
253795	52.463558133253734
186890	187.49004657171318
27712	71.20462502265052
204177	177.28029787214754
102142	200.15037527086582
137972	123.22966960448737
166947	210.28386120488298
198446	207.65161611804152
208608	59.95430752848116
122886	0.29775206132379683
249343	57.40301701303754
217532	223.8542081924243
255621	1.370696279477803
235035	187.78885108902094
22819	190.00071393993105
228351	0.38781817672101937
97854	0.8157114345941702
6795	241.87114342514636
209259	193.80754943402462
141139	0.8468165399510625
30534	0.24708766318131728
228283	68.47210873886851
264991	44.122946229089614
51880	86.82041122170655
229807	234.47848312182342
156812	1.212229694565485
137449	33.05381394941159
232943	0.9679439813112126
224260	244.3786712446663
51911	165.62463429506994
100413	103.72405981666044
11306	0.8275503080998318
8376	144.36580439684235
152828	221.95736764089696
214262	111.55346459962256
14685	187.5216009620585
226078	0.8174057531493102
188950	263.65713964505795
38706	262.99415549573666
200937	206.01020760442728
119885	227.69701434553627
279374	61.40874161766417
234113	207.94243528000524
263805	239.50447868269748
237639	161.87432369725602
119311	183.30150602471232
197835	190.05608673582572
97601	1.3618530530772714
131193	200.64489880086288
31385	201.01721488051516
138140	0.7401069282263149
54243	184.2881076494299
15418	274.9759357441797
142373	251.41669736787557
253319	1.8694196501623
84224	216.22380202750125
182219	244.34830858825973
115893	196.80018332967
8967	206.9541123420525
12491	179.24944870627164
284341	191.27062026992093
254067	240.38854394397615
4384	214.52319360522523
279580	98.65785257520484
80419	207.41264722715334
179298	192.03410094918496
251487	1.267850743483728
124513	239.6390049936417
217535	262.02258842965495
234780	145.93004009653455
36819	272.25494644712586
217531	180.2744134743436
285296	241.01599799411676
17126	187.3415891580857
245331	244.19288004041505
161380	261.86526275032145
123219	262.1593957429186
242824	5.914000258420489
45382	0.8354847690461662
26714	217.03288425741312
109699	65.77421358661388
62157	208.57132788131884
258233	94.82243976075524
123567	5.151565645461975
167184	263.998848944417
189979	214.98999517525382
93399	1.1227795039480402
247402	210.66373659847167
105443	197.77258649871683
197168	4.017193057170369
134020	97.67417744613573
234997	0.3882313640610073
227892	143.58869858616137
44510	245.6626443652091
137017	74.78165665047054
155693	211.3211934992822
162043	4.6502058963451205
187807	60.831850304299785
224767	0.2907617195614741
22202	86.42116664406309
155200	38.77319589006168
281664	248.47838018393
156069	197.99692700427525
285333	186.60254856106914
152010	247.30934181335073
166202	26.147295492359518
233067	260.8990402976527
2910	1.3572664997204493
185384	244.03788141942493
146071	246.21953438068914
33222	153.37959628536217
1289	224.97105712207366
121119	223.10257027630317
182187	0.22718994333365028
102092	190.99007597926138
258322	268.6297976745074
72304	1.4064086924682375
211036	187.70068094327794
121803	234.60732475347893
182580	227.46989899452456
162441	24.085637510958968
258857	48.302916582703396
167265	172.6283999712792
155356	4.798375116043758
88995	244.71314467490848
266892	229.94081435772006
82382	237.8437399931524
159488	85.54879758767056
84552	205.54865494001007
115901	179.8705433027761
233718	0.7437846401450803
8588	216.65948655565103
227548	226.8805412751655
153034	233.44412023543913
195083	158.78925598293878
257540	1.2660916542931384
211994	200.86893269509528
32136	80.98385521862748
51224	203.29796703351423
66102	170.99731676383388
268810	184.5798993580525
165711	192.57007352597282
145717	247.25236284750187
263928	95.34083105961491
109541	41.98197320449072
131091	261.4086138785542
119254	205.07051456268093
252612	158.7769220325107
137398	71.3355464365844
31607	217.17623697553296
269468	148.62183984488092
214332	217.91471575493364
270507	214.93395669792548
86985	221.82383968081285
262085	57.34233248690989
251838	266.20859536654524
58691	0.39305981311695365
14154	240.98726162235602
53597	174.38310205399577
239346	223.45811030346806
155013	14.973136853123185
23994	172.12762166974358
261817	228.39298104861777
79062	218.42749464318848
258471	76.32061211819854
7553	167.19672506405024
101961	166.7809847841644
194339	122.78338554805141
91940	133.9749038642474
272858	249.58854170298326
150811	208.77406803919826
122165	227.09812288189974
24068	165.40429168065802
83750	212.8665482496819
132451	201.5619007213942
50947	244.9309556199824
233934	244.93229273341214
82692	84.18145242953844
99389	52.58046342845507
283997	236.37945434090375
73746	188.3767110541119
260705	181.49011048050494
245601	232.41429542737998
239082	152.07067548733423
70077	194.67513714312977
10444	59.33964165244915
254737	221.7545174367582
226993	1.165494544861986
22664	175.9253197516284
63645	227.7767742588261
254427	189.17941006830375
164456	256.93113972974976
99243	84.1660476992304
147858	251.92197598416567
48170	106.86401276112227
172302	220.5467595057276
32949	178.00384992253163
27597	49.026955430665815
30293	141.1081665376699
211967	220.86207754354635
173354	31.198791834571182
77507	171.32260954813157
214602	226.41739813999135
275085	1.2359333165342277
185716	5.693880004216364
210523	44.28612293463313
191312	18.37631248878845
235897	222.64725234604956
125224	180.0392464585451
199467	269.7418453499944
54199	183.21489006088333
126991	211.3246608030497
69287	237.51505876568416
211007	225.37277890417923
97155	80.24386767410238
181092	198.59990035635587
8940	238.3017322702034
58389	139.39898100411463
18998	51.643514681923854
33505	187.0268400765002
198388	250.56184208081248
47686	1.2376183117160935
23804	239.88078846466615
179361	251.26473685568655
99606	18.909762296642675
161025	184.30963543844828
18356	220.72241579670697
152157	0.2284288375447173
100312	127.64678483450588
99891	223.80101738745776
229853	160.47333961973348
171313	263.82352692624096
88293	195.78023432832325
156262	209.33551445227607
60517	271.3735488354443
220537	265.5489193203714
42729	0.8239701530819734
19543	237.42837501514956
16089	236.08872863351112
259596	178.16597540402825
62980	209.90858302853258
212988	244.79227586583073
150545	168.16636836562068
161358	73.86789597884892
112038	1.3311125203954335
77263	207.39884997676268
156851	252.30983134107476
84797	54.68353433674759
179403	221.75508774416411
57442	148.39674149714187
268294	0.7302850551473754
115256	199.9403711567986
135507	272.37062637430427
102076	181.33052844250287
238860	231.90728442616228
198796	202.14556570110037
111400	245.78832178630626
5034	227.6757322906097
150318	229.70006456847753
76751	0.23561947965008406
169873	224.81836609527826
189487	242.01455958688803
31995	49.651704757361486
15365	188.56152657631253
265807	0.22887603891493147
196714	50.32691275481769
96762	162.2598588671006
221661	184.5783183050018
182544	1.1109234826383154
181090	105.83005016987752
139902	221.7477863022458
219606	207.36620473411244
212181	224.40131688541925
124190	259.39584954116674
122435	143.78714003332954
90176	145.93058263898772
126568	258.9163757526569
10250	34.303669325871326
75717	198.40688733008554
96694	254.24428717128964
76765	236.86832756203464
35862	119.80478287037143
73952	238.3404239991161
62297	196.43559031465807
104832	267.4979912313749
137336	11.777126400556039
116520	123.49612771221747
82320	83.6638887794482
3384	39.99043957491084
155818	245.6604771960322
147333	186.12113212244304
129105	199.88545080267386
224134	252.7743500216667
259475	229.8151721272318
140426	245.92546614665292
48853	268.6043773995308
35459	0.9748927726637797
135391	124.57335651183843
132848	239.6455316557139
122948	103.54073647535388
99084	50.85627781315767
178203	240.57747658550971
257260	247.54636527945067
158217	110.81594806164493
203241	73.80492330374393
120848	216.60445999420747
16083	0.9470475913867452
98544	263.87220984983264
282666	0.369680447115737
280030	0.9606794992928407
144542	259.9123369676233
128259	242.61208078672692
42010	236.77141933234483
21351	221.5647263585685
11368	270.2661154275334
125288	0.8180105144725747
191607	65.25471031392958
261800	208.51096215286063
31774	62.199726877492935
51226	209.45496282962495
2853	119.70723925005426
160305	277.0520118237824
233286	197.77699996649818
83919	256.3595313606143
114453	278.86654943432984
112777	154.3649894971644
225916	264.2563476252272
210472	248.21551306421006
162902	12.859469917832811
238129	198.52906752758227
43948	238.48233095387837
157347	258.67682522274185
80233	238.73312890855343
66081	181.88077070239007
57239	200.04864024078947
109745	216.4937675539327
181206	177.03553103706378
37455	0.7563186208702575
157137	227.56768697697626
168926	74.23878241112607
71906	246.8270540229531
73687	181.8884230275561
82704	72.65268100481359
261973	188.99904442523533
146681	199.2299860972906
178236	175.27781621340463
239268	143.0713025877722
148669	101.98363703178174
189467	187.12521140515898
178237	138.26096426400963
117386	51.09600511353136
184841	223.79291445237894
50516	159.88515528712563
132691	252.69072401174876
196318	42.14739355229451
89150	229.61761346219683
125319	228.30413366911216
237963	252.40036285567928
146801	255.52703351336513
47426	148.81566125662536
220545	265.64521933804866
255335	233.65184193935661
59747	237.62823527774594
11781	162.43656240630182
77376	209.5663221037743
248369	240.3711720650203
46459	239.1014987523691
202393	44.841689274448385
127310	0.7139650265161528
220261	194.222660654533
205899	260.05455900390643
196327	16.64947485972545
185745	185.25568473824643
113951	216.61460906465575
233138	208.0116864127973
236684	222.53407899717587
115681	237.76152446375033
197699	118.17407340450262
72081	233.33068951567748
17001	239.30076784415087
169573	179.54352400398662
223310	186.11258512227633
173059	65.1243471550473
284095	228.45588689785316
176459	71.18596732413843
150969	219.21595374222525
224989	73.14378764545096
235483	181.3364045238808
151988	117.84504041288344
70809	206.8683242333477
102873	1.1931766391594238
180683	178.30679732597594
120382	183.93730732678077
155397	63.180726816901654
236761	191.68219529622786
37512	224.79039238212437
90101	56.80799181367455
43329	5.400849189891524
68338	239.78296520303036
122081	195.77966432584154
62087	194.60053667405623
239352	187.2392055225998
28364	239.19163728124923
150721	243.1185042391792
271113	37.31240181472532
250258	134.3827081389451
21956	0.23363677502118022
227375	102.62293076057651
169623	210.4336263721593
1703	186.82681725563535
202872	119.61453566651072
214187	201.90011628869416
253465	143.88348121540983
19868	259.7635555858089
54155	275.2275160552106
100428	151.10476471309545
152852	239.9514588874894
258367	1.454542418555835
255087	237.13339341241198
155202	23.93202757766001
21719	200.56451450572112
33201	0.2816970979698086
163136	47.00693353312798
128989	1.171969274669907
54598	191.6909627450167
158387	242.58516248924585
236197	0.9595289637066864
253771	224.94894139602937
20927	64.62239696295983
283661	1.364959731133524
18346	269.2573127813884
276692	244.87367376957587
250383	268.0568318665068
224189	144.8449704619317
123752	226.16531802232933
21811	134.7965301423972
20549	70.97478808218088
145380	185.52345698176694
39834	65.91990951026739
20898	125.46649740681785
211977	230.18990850506816
235630	230.5166483088982
107238	197.8250657146597
43067	203.90347014919118
196783	30.78530881720121
167680	277.4616148710269
133648	131.55528478986574
154617	173.43259842308612
184764	187.40011002705498
57410	0.7463142771854329
229095	186.1295649946857
279725	209.66153951448376
115269	150.63619220314376
163083	36.62804198661219
203941	198.6506466633285
115760	199.50320048760346
131035	67.68378558486786
15223	212.10295252817565
166178	75.78411196853283
171446	254.55132444959148
20065	193.2189481177583
70977	215.4384704850832
270080	219.3176042349396
266092	125.72139049573192
277082	0.7439071341798269
74548	185.48668421866802
106792	179.5077425447782
165167	235.97599608969026
233076	257.0993421930297
22827	270.3705858456637
235293	0.7059608302415958
14928	223.5013426999128
39871	250.56441908516234
116298	235.28017733986061
237131	266.57349843553027
155603	218.2336415998699
258047	240.52452360594353
256641	0.7490146811570815
33061	227.66161386546543
154038	208.10885123502987
214167	258.78756787407485
251197	228.59163220302625
7654	109.1666560406077
77423	201.93479350396197
178404	235.50643217070927
43306	255.7556887895155
263497	212.07009979851932
185511	209.9646634339748
281522	59.51118388444227
134222	211.2582186150944
115594	186.63760079734283
27932	40.06131193361998
8027	164.5783675248318
40246	1.3221707347458778
121697	227.31751476567084
21818	196.74104224396683
108476	230.7163607081587
176705	0.8104453385915742
99244	26.053007632271445
183077	260.7450337264265
227310	15.96966775374323
58560	45.09310663351575
247642	192.45920052143748
249257	224.1327065367692
101477	235.94333951183964
195875	185.21638130184724
78901	252.13487058320223
43215	201.65705313412147
27840	47.17844143021188
231344	228.0884428673658
19219	31.08891495498544
91286	1.3235615332567103
68479	239.03887794053725
221345	249.58848201077524
75993	33.620299191630224
50871	265.4496581637992
59716	226.71796213922656
49296	147.40945443006973
101591	36.49604298244444
206160	160.93221311622023
201509	0.8498120924433334
152542	0.7258404472325543
82924	209.58831326243399
73190	182.86920009533435
73551	223.04836101440685
258478	109.70709291138589
64198	184.30376152055464
235938	222.6662023933934
30741	171.951642267769
148484	212.9391575307562
251034	227.90217034958144
195265	1.2002625625614765
41228	225.904587622227
242490	260.1148451540836
110316	29.41502437653045
230233	199.24471561393116
3792	1.5676254667506586
122270	207.55833591793433
90649	215.83588679016853
48633	245.96911464407535
175589	74.53658595908657
120332	181.00506448596104
76351	231.62217825452151
87034	195.82271534992006
129318	245.0357389201526
30124	234.66195506711165
156162	207.39185588649372
58763	86.55009949808455
69270	139.3749892230545
148130	52.86060672366579
97318	173.43618970766187
157941	252.3833923333869
249710	198.76198825352688
231123	1.2260133911490267
128697	116.24950033408655
56866	182.87685795538138
98741	191.0579609269646
232598	136.0352421814839
216781	211.47850418890746
202241	273.48191833179857
205037	0.7385107613610851
241504	198.91166576476115
191708	53.07051824927488
183095	254.51242471628458
32444	267.3297718378793
217600	200.90456160818053
96093	211.0071638953782
232385	185.64023509128222
274828	86.1736861100361
197512	115.27517409437836
131699	209.53644216244047
248686	59.12900636599965
234921	123.68823509914453
282487	63.53273586009962
42767	192.0820822135906
41400	235.55094453878712
136885	184.55575693542443
273759	204.29509074104848
117445	207.63597939945677
234519	52.04600127534598
118398	258.68276827392657
87195	1.4034986731644261
166432	145.28340192453632
13396	1.255778264295556
247593	0.7209419875902685
20500	248.68750176220283
182274	171.14723187427296
102045	206.83703332455204
253857	93.52482809409668
122569	214.83406328922172
263209	204.07319351737323
272106	191.84448023255754
164564	170.7430265417124
29002	240.6629643664864
161099	228.3590121338219
194695	112.06292347372911
31698	37.58551875477036
230239	217.3038327066088
158676	0.739983324058452
190237	88.3795029135541
191326	23.58932291221598
9434	255.68143595822755
269425	255.252449558835
186092	218.16891770107412
140154	253.86115331672443
103235	54.73822017581817
180768	23.7289182748252
55033	196.57678315049122
282430	119.02981277768167
124844	224.03898404105607
109953	180.75714444630174
241581	173.63335998416517
128917	121.34255217039652
193948	256.72297528336384
79953	77.8158301781328
44389	1.2132858447748762
31333	189.82122214712064
268992	217.85101088856422
41035	221.06209798393394
27459	208.4303144821045
186206	232.103581375544
22682	273.8454834302122
24562	13.044479237839635
132951	29.032960395758586
4436	206.49521984856278
175533	166.3498669459567
113084	1.0185450587258853
33142	63.92883618941442
88979	200.70672982825477
44914	225.25865063099408
136622	218.87768280304456
54053	255.9212904861535
244685	174.44050519428103
116612	57.48205309797355
54280	188.22658612976892
21798	31.299255588190352
213102	268.81305594443575
84350	26.9060609159029
101843	123.10310740715512
90527	59.34077438679057
213362	241.6664788431174
19570	25.268268402903583
94787	232.16559424386253
97612	116.072590735535
56359	277.3653747393634
46212	191.0904374686687
51666	200.41867332727895
114859	168.92035701288074
164889	218.78072627869165
137346	141.64406394166147
92361	0.9536505867927223
262819	169.1080769583724
163364	231.59444837589433
24901	194.3980688504779
16561	243.39257812468122
125069	264.3406518830095
244163	272.4715504276405
129423	91.90026749434178
131922	246.4229254408986
9746	164.64641740985562
6945	249.3333604950106
181476	155.48753602978536
152254	101.86691104292125
91152	159.6155530619176
120543	195.29024658437254
235756	180.3239404198085
173194	22.813320518549883
165294	268.61023840991425
182616	139.1751890430677
261720	42.30569136366901
279754	246.56875278789093
81471	168.147983010371
184560	178.5299879032679
160871	265.6441771111642
32404	43.75063218964324
14896	200.98192201843744
117952	239.95619089236453
263609	207.43132949369263
209699	137.8286974749547
166265	13.606064980439532
60725	51.60102725030272
125912	198.33326928723596
283744	233.69963091468574
27916	0.38463014914468047
263725	186.43248990125608
225100	255.81816155024046
110546	173.84281572083898
34826	231.26624787611476
161990	115.78983613700416
69477	208.99489324670535
129626	243.81279439905526
272155	205.72806093193608
157907	88.46612539033737
35876	191.85982630206811
235509	246.71363170332413
163948	35.082068885687626
155527	25.595408828791335
130993	218.07337209790487
160183	146.42820705390736
281333	194.0429347215799
76747	255.20312846970367
103371	159.44631292684588
100071	191.65206841850076
51179	239.95811409171986
260022	253.9496733554551
95831	259.46211078466087
86937	189.92200897005185
223878	171.50257609785982
194229	252.22235549405494
83944	203.34476767494684
280816	108.71203695759641
220236	181.23874726453323
35156	230.86158419325446
263757	233.9004459256523
9368	209.23391692350646
247357	245.2421174451385
127030	227.93952084499026
185715	262.50227806087395
98478	184.65816955421272
25092	261.66884236437795
7943	24.825243925287875
48085	198.70630912522464
122222	234.21009312222375
71595	62.68380247991477
282651	258.54622653020834
32271	139.17709456778408
196843	29.012180973744094
97073	269.30124404232754
183487	262.60541406424926
139171	221.13620251744297
506	197.4516109226122
170314	183.01259653954352
29396	219.26237612002524
20366	265.3242292339307
164557	201.60983707999668
92316	247.78914520724857
82330	208.77373178755764
109265	1.0017873407420992
151068	199.9307138878433
240055	172.1256711256431
269326	1.206701366479557
14244	179.56112470329492
33975	177.79262047582554
6668	203.83567320244413
23695	159.79754608040167
61812	111.80297832027647
125486	203.73487767168575
266485	234.8314360668412
57088	266.79039800363887
71344	267.2974772436337
216126	212.94387760467598
228175	17.293185529424257
114288	194.6763102517928
211653	216.70173046322137
39536	128.3662010291298
91164	253.5257377491048
30386	155.9682818515209
117909	241.58685090877213
144294	210.70818863438873
89090	180.7026746833693
162885	62.21691174640584
35835	218.7311231245884
105130	222.1935258874688
200291	242.18319776258485
283208	201.97951685034002
154166	269.5958438462726
27002	250.85344775203833
170852	249.11749173850328
279463	131.20193761039724
190133	261.43474609636735
106261	272.05836813129065
114324	228.55102804095011
257496	210.68701889682345
267279	0.8238553632603282
236690	225.1178695934235
1343	209.46056824714162
163085	98.23826141516886
30425	116.06252877865516
146092	195.8885324356789
190145	262.35463199541607
2687	236.1336394550227
266698	55.268912492773545
105676	234.8780497087224
29969	57.349433328011685
77392	264.8295208941189
183600	157.76649176579215
36575	245.32757632818894
84845	83.70711500939174
64246	232.29928752595833
41885	221.9242077672142
157945	224.89722330461376
39505	230.0664641029929
175968	54.56644426344086
133045	54.58148422401014
270738	166.03963475330164
251559	265.26371717487615
36191	1.0453268146542793
177373	172.23898795107627
172819	247.95776028359552
245952	223.6397045436235
6769	177.00517840510705
42754	200.08916106352757
245222	80.1728203348888
282830	163.35072305449188
38093	190.4587788891115
157470	234.9197385805766
256779	173.70674210961312
265304	120.13101834790318
159282	259.4590765597911
138629	209.76359176439004
241119	176.33221563765792
126469	163.63610779649434
227023	246.97808265604513
162962	201.4977420200116
269718	137.48499014515085
206750	201.7175681188677
78772	36.82788286567976
104934	203.5993788992573
225674	252.20996800071492
260148	215.67347794276677
164105	68.88683590341836
157310	202.47088951071302
78360	44.560586245160096
85483	226.0620230184268
129011	74.43740658411267
89309	201.5904233068172
83409	264.9911271947071
63421	226.1729376323684
113638	35.63050125360101
137375	61.433486847143264
209350	181.07553611168
5669	235.22476005650103
183787	99.50252230847208
20288	121.304883222545
162563	144.0828691819319
166427	32.76115716605424
142295	244.80219151146767
46135	230.02094320022962
263690	180.00812881091198
104051	163.3101299512318
227346	265.6659033063701
219308	166.2081129374757
204501	239.85877808140486
130766	249.28197281248612
109850	27.344205620355893
56006	199.6938385210556
203691	262.19461802478577
47044	207.48820580444703
282335	62.01492286022699
96308	185.591517265409
5553	152.2010346514472
260457	218.4966897042171
47232	226.26381722661995
163893	65.52083229469663
137026	105.27847331383686
132177	200.39410834732502
212162	165.87962129412372
228119	40.75715708831839
252795	184.27117353811119
162293	65.55138330292466
109538	125.52093060478045
227995	16.152544907461095
273165	163.15516303520323
62426	218.5300696525005
47588	190.87929333475915
257660	228.70487251107778
205777	232.72595243287932
113594	15.464268623768843
75394	178.33822259615982
51153	263.30851684501425
128862	218.99351643312374
79420	133.05924036680713
215718	198.74511171185438
176212	62.5964257372356
51127	224.87093965693958
176443	3.25285604941067
53447	245.34607368780772
221828	214.5806532388061
207292	173.04666374288595
45955	185.5250249753233
133500	0.31332148306963314
256405	199.9535264058697
221935	230.67866086698382
191587	176.71833025093784
264816	2.3193409396435856
79331	178.77185166916627
12684	22.089040013834495
199943	256.49039674415616
137305	227.02878244646064
57819	251.6412264023663
147091	171.15819037241565
176889	191.86194395722936
24058	183.52268065608774
64935	235.79516564463688
167671	201.23159676275563
225814	167.83445207189624
71676	114.66696180495452
155518	72.3766174181515
20695	126.8782288904032
253666	240.06587415827374
191560	48.92399405934621
229461	231.51628825279263
189057	234.1359437497191
164650	207.1635926026607
269889	54.458363246292066
1898	1.1431427297884298
9912	39.79856938951763
178977	0.8455706687613326
5905	207.08224694764442
282354	15.409932006471234
249792	59.1533151024071
124904	254.56519804364518
34756	5.452805777015002
184522	273.22663984576343
89719	117.71659124989449
198215	31.403133436824497
158686	185.97387542311455
257382	202.26590403689443
58998	0.7925853944722213
157761	1.264223745303232
21436	149.74121515720717
256834	243.17727040322168
269875	116.93742099013579
151430	172.99335633633012
193011	1.5883512257159489
80654	131.58279756496893
23921	1.3394407377351871
198260	2.117915923160105
58617	146.18244235095608
41942	236.59409668688346
154397	154.17517474963014
82993	147.32745891877738
64685	205.71871692624865
95942	192.64840769635742
79229	91.84697947838755
50895	207.22760591853617
98050	194.27362455167696
50688	270.7226805454332
27657	4.779618501846454
77875	209.56332666028507
210840	266.21156728843334
217553	218.68012470469313
37129	248.58982023832934
106430	221.9817155827673
214215	239.36331625162748
207995	228.83060770157226
88747	90.15204504183163
189339	174.80483923036368
137457	54.35602789024027
1822	47.761133819109354
111497	262.2511364601289
40855	106.11747835535937
164233	203.24851297363423
254454	196.48116143738847
162035	243.19300949037662
121487	186.46220720597796
207937	258.933557937172
10672	62.47259767651304
128245	1.0830974197642136
67886	72.68813766981003
228157	46.5212087008473
195137	104.45822711425855
141829	268.8135869370502
134834	1.3251378563487584
196040	6.385795950266082
111323	1.2238150968087615
24299	42.27711665653457
830	218.82131056535695
110948	240.4428871356817
122482	193.66536632645472
39123	244.39704280487868
57285	78.44580968125733
177967	60.32759930956768
220475	229.71910693338774
9860	109.22390735461879
135186	202.83422214624508
148140	85.69886130462106
116497	195.78727017491596
46490	1.3045015919587166
102013	0.7581129844429977
250262	235.60805852812618
248857	230.86346073365885
277259	224.28827848626923
117970	187.5514387929275
153791	8.058880685140435
101630	220.8543447539947
139012	229.804739182423
66877	75.99393015413557
223207	180.9998479532699
165417	173.5195616095679
123068	72.09619408680317
240623	268.853526808704
170573	169.85078186826766
18539	216.300672195152
33361	3.037430517135089
62929	210.525515500741
162952	0.2966927217684102
222259	263.1606583325959
109204	183.16623930455535
197167	35.060424336222795
263924	133.79675069504682
237134	234.71224237829705
132161	212.15366079961186
109457	41.93241128083527
205742	242.9170548077347
137168	23.96353185474068
251671	217.68023821291814
73614	171.76319983876556
88097	189.40149746529684
32063	49.18062724238948
196841	55.078531592998665
76938	88.70122274838641
38419	1.1253369921935925
148150	113.04041047080928
101836	34.32550955055028
36908	264.9899181812576
131446	185.73956367876
34625	233.67271446627095
93675	15.250529905083143
63360	140.49024835928745
231375	60.317525492949535
69169	251.61712131641306
90266	37.704921808298245
136990	76.84422537137878
29059	191.89561533252922
88724	222.48321747467045
163247	33.46993505974607
34942	257.83624197849554
208507	206.1692750860279
123069	242.48049215044853
55344	236.75607256222594
32228	99.17892676773951
36473	255.71554971371853
18931	209.21268294402986
209920	75.35627557318107
279275	182.70716042702833
204191	183.7112805326846
177108	254.77626365678668
139328	239.16773205695574
212641	251.83085785609651
132853	86.32561011387669
157042	65.60104925586383
23524	266.9818270866292
253772	43.53605750433612
127001	155.5897495541098
260696	193.59231721692282
248263	239.78694445651348
1532	214.64272701424156
132068	265.1280587712342
110133	17.155070198389726
198528	0.8184140258138543
206631	265.4663162495109
119020	178.48023728057498
72539	1.2634853140262006
170990	0.7928996397174192
196023	238.19470409139217
9809	64.40287122452835
217821	236.90101210109796
241750	176.45920487401938
94457	244.44302978760967
6015	226.3559720959804
200921	229.1293613286682
107045	195.31677013902905
238820	272.32601567789385
268700	202.8244143540797
169982	239.58417831602597
269225	107.30997241534108
237816	266.6627376302596
115087	221.18492443537576
123711	251.7760596045105
48542	183.20921300856637
180145	190.02103819491256
163324	241.88038829593668
90361	30.4045502975629
94054	244.00600960419874
58812	158.34143155329863
235746	187.7929359098938
233580	186.27530849524672
32688	172.76711797422047
79117	69.26921454439719
108457	0.9328648394141817
206771	192.38174148805786
89337	238.74668709536684
48080	247.34967038322125
6297	256.568431484629
162601	35.12316407803541
249719	253.8686771743785
150094	1.3587178259629
250530	232.7087936627515
223323	219.99437403376476
182353	221.04581842916897
103941	173.81542351589965
262609	172.5590922894421
245801	252.05426315155105
275215	245.17607242523675
248022	198.92824129591523
175305	258.8727940785631
56754	229.0725040474135
12145	256.364948618413
249655	95.12736401140485
185736	225.674557474891
256287	187.19929825512025
5585	178.71313567771224
261396	190.244163892975
264134	96.24095831101043
77460	197.14447459368262
87410	0.7124334640263871
43552	202.92691935281607
125177	231.12020544171855
2144	108.82490576918434
130632	238.2663245422719
213514	1.2711328417785168
221197	248.6417871974958
103795	262.03482896349897
159994	152.68175982228047
270510	114.45731487147437
1044	280.88919159121775
100697	107.80900089935115
24267	231.79743771959835
98017	265.1122773534756
94630	209.67136307785265
90557	100.09622230094679
10339	88.83436060397369
128695	218.88107369711992
127950	171.74871662075316
43788	202.7451793647332
62254	163.42112902986443
193516	222.39136150336708
101705	195.80850540165906
130976	1.1154218205066904
30339	248.99685027411633
165155	1.3529592276395657
162126	239.2041300936028
104986	187.7737144884533
30127	224.2810358263812
266032	219.07566594936944
87678	242.14570782692013
84342	239.35401199473586
54497	209.37458851777652
264005	195.26683290111126
123018	185.15882577486377
39904	81.07057339250544
27914	54.19301608731314
181570	266.79699991227136
122580	105.96366652229929
63881	170.4600822862904
9543	39.972130967204826
264771	52.46347765007809
41550	234.09333079667311
24130	48.66075409743074
239754	243.9293473831433
67722	257.7738072815706
258747	111.67491681220979
276735	161.6714813582206
144479	198.32200801984783
199786	216.63931653845842
1794	247.03230066404498
222477	242.83465619905172
42292	1.7710495335495975
206138	236.94461037384292
89983	1.2134292187573943
169412	221.32641600698577
110677	181.4614579915785
127055	1.0167268215305303
10122	103.23051688008584
58761	97.51735246199996
284063	241.57571625925112
119168	182.76656916663663
45349	256.9341793211905
198154	108.04283699305687
68812	169.03781979884482
108826	250.58108504620887
209338	223.8121356948213
149049	219.07015306110918
251516	114.6872034995765
174999	5.283489100422616
229358	202.0069418952376
11853	273.52498986816903
62899	213.31644733033647
10973	13.78420086139338
201530	233.70575722064783
227468	268.17249205291216
37997	178.04764543255857
237032	1.0225775719148509
51296	249.2817105321158
151600	60.398013679349994
228484	65.6751116694781
208873	229.7356059877548
116606	15.555332678494553
65149	213.9561226441402
220156	240.48817143185707
270221	192.38888894066403
177072	262.57200336328214
73194	222.48499906732582
210041	44.4214992170411
240799	208.64948084744293
193939	212.4635582403196
268811	221.07272501984278
235823	196.9992297762442
282800	179.36180146684566
143216	234.19616165748985
238734	5.627405683774147
271222	133.12945774108908
133604	35.03542685544338
278093	0.8324348188289953
259937	0.7339614158262046
100876	126.58772790030521
213309	233.11963104266454
13999	262.4545279792567
173123	43.09492708423792
156040	215.67739203743784
179317	5.7176333323011015
202699	258.34205095702663
235259	212.32033225115225
154546	160.19943562774483
113254	109.1317666155967
119414	172.38816460925295
99115	4.711053170356758
134525	175.58970288999902
253530	92.1171039604373
228035	46.1276951885117
206748	244.26155199423556
91559	244.8199529986313
94389	230.2227695948847
2574	261.32654957446385
10298	34.323850170003524
113816	223.7853483345984
7778	61.28077266682549
238425	0.8276030189762603
163532	15.088682299529289
190673	110.03443742873941
38864	233.3459817636272
245145	179.56809284182341
256520	210.30953157788485
78366	163.63955413378878
96304	243.5703656368845
1774	187.92034971813956
250579	243.4915910669961
276882	260.14162724016205
78553	198.33580487545822
193739	237.37956810517474
143174	215.8493010251051
126523	208.0641399291985
245598	230.12620519932116
250806	250.75978149147545
15551	270.2565366504121
203215	1.3137232118058249
203249	187.85441652342837
64155	202.0722579242312
273250	204.481130954834
207461	190.1265884180114
24734	203.65367192062612
2482	130.39732596198652
209778	219.77738766119674
83676	181.65598748332664
149824	120.64276677937465
66668	48.572553835215444
13946	214.58407839585604
144977	1.2704306656362199
20151	1.337661887427694
266479	122.06541594281883
45413	212.6754479781339
238000	245.50920671575724
72977	272.10468692920404
275241	184.97331930131804
221786	242.13817012795315
213748	65.57704275612173
58634	70.28833781285324
21419	69.97795147413531
118812	195.3682654170394
24647	40.04164574549354
148044	175.5981405629081
281703	236.4053019987194
121640	257.9533278206938
208930	172.31704136944555
73122	264.67547003529944
5206	225.00070129398065
232198	246.8096861764567
77003	159.57410050584204
127847	177.29320668012525
105580	173.12269316010884
202696	239.1847232821751
274423	62.531150112874
141268	130.72109451372827
60925	260.84734818759745
23225	1.2357269559923556
171967	199.68725798815956
253124	77.45813248790384
260049	191.61473711537002
282113	213.05278081816817
95737	176.249911246502
281201	250.323468764612
135930	265.7882068208017
128752	202.07555032139683
195951	229.54730737071873
220207	178.15282502227538
83757	228.56652567025165
126448	174.03409969094946
178488	58.16477031147748
196519	57.6344364150121
91059	36.3293429454148
149928	75.89108306475465
107556	244.61500693295966
104301	268.12136333472824
43353	207.0339766667619
94495	182.05087862957302
228197	20.88472157064587
20862	248.6954313467451
181890	259.7479599271007
85081	203.33201268932356
210524	101.50169250814282
2765	60.974817980372784
206238	7.186104617003852
174793	249.5371352990717
121037	196.38195457638608
156856	241.4705598974061
245495	68.72648060642561
119909	211.97528498057497
253492	178.55368191294718
44268	228.06970493837625
143019	0.7004237960829617
138786	222.2115528478848
48184	208.55073601631574
262300	180.46067066529355
258076	198.07111245953266
94420	155.45677764381227
2081	90.06798706725817
177327	227.62698270039695
72373	180.7043010294617
56171	249.09673535674503
53651	229.83791537693097
4569	171.58692862911056
142892	189.03123862273713
55491	247.78124912262484
11101	214.18995703710993
106017	264.19854910695676
116708	217.97408375889808
245009	234.31558557452598
252374	71.24739728707307
144544	232.82099366571526
131643	192.76164882221747
125119	269.9552105108456
256714	245.0427985091611
113320	208.22657874473916
220996	203.29763222840216
110059	98.34324765573554
212573	224.88112096377702
76405	255.19596733571146
249578	183.60851587774522
281000	275.2470855515295
263251	259.48746481391
278763	250.12459611111873
266281	226.48273155878383
38778	214.44835780205221
209441	168.08339748886783
91044	28.755310859833312
168710	200.6906053025949
181726	220.28545018017266
232425	259.82506218408173
181096	134.11708655034522
58715	43.5212362723014
38219	184.93894332637808
72790	270.6456362453616
40651	131.03448587378563
27801	100.28689004241127
221933	272.85842721336576
47278	108.1773167379038
101808	3.4502219094853945
235465	219.0781422122775
218438	218.69176345343598
262378	212.9691113592312
115583	170.13514240080843
160651	200.69498170247917
33274	58.08527182380115
46907	130.06906012769832
223249	183.68618902555258
69700	168.8958976358716
180976	54.13714226879094
27619	111.58391927436953
272490	209.19466858286341
275073	170.7561280746458
178352	130.16764353870394
45104	202.4705014271739
14321	208.01285092271965
54964	212.14595345777855
173756	270.3787493276632
8577	203.1937232532367
208152	253.33477797951184
170307	197.87086117382736
169355	213.8775735076601
80080	54.37687581890119
258487	153.76362955947076
265500	219.82273599983634
97211	229.2564292455134
208495	212.84874265051408
49305	174.0830408037159
23434	105.3803902444972
199897	221.65416614485923
81756	256.6122089007152
131007	215.16581000533844
42574	205.10071241445425
119551	217.17981418943046
51382	1.2435302234280141
245150	138.45894436703054
215148	225.35421544983427
32592	69.01148146523862
27519	47.93385864508192
274069	117.9784484685382
175860	227.15604531914832
108264	253.75497161007988
75868	206.6618763377879
139394	221.15471377934367
100950	196.63314088438494
152569	179.0964612281393
260629	238.89215772766835
113528	48.87348454810745
28172	252.11140406484307
78678	238.36204061726346
73496	184.6442996993525
32901	67.84398418682575
229189	197.46699746563544
184787	271.9848584986726
58558	165.50643701507917
228375	31.153241132513106
133814	200.5806765281841
93044	257.9023013975647
157227	204.32766539563502
64718	209.9558833191278
223569	161.89263806882616
105159	176.99746241728158
79960	255.72198573684005
279943	255.5889557065659
