220095	366.28987587179256
31434	458.8199728070886
221887	419.4529270475362
152221	230.25664416823324
162952	0.5933854435368204
240415	524.7033831619337
260726	488.60182097752937
62268	481.78093821497714
172332	11.604314680599837
183237	440.7224049981912
122439	41.76444514082743
250290	469.0180082561831
217343	368.7270832181788
280030	1.9213589985856814
73227	493.70108612357996
92247	507.76031726118543
99516	0.7058124615187065
232100	363.5157338014134
148929	0.46504608672622094
110946	462.84736098867074
167557	453.2845811300508
153472	1.889477059160916
179249	384.5509810171523
11948	501.34630463118725
155036	0.7122028912831663
272416	463.1087941870986
137753	0.5889494889153617
265198	380.4029063905488
214146	450.59192916754876
103107	162.41176356067544
63296	505.02580086328703
21956	0.46727355004236043
195222	528.0680690278316
233865	504.4446895536168
239819	448.8974917084063
19834	58.33359420912315
166779	0.6544728805131356
259599	464.7773432223512
167981	336.13791052046867
260190	419.13312456835104
254034	212.3178938454735
47290	480.0431835207884
8100	106.12588945821183
186190	492.92514398410066
265690	476.85228691617857
282269	129.2749429453907
204096	511.20727004248977
203444	1.4848024541987657
143939	382.7033883937793
245491	447.8636141713945
184027	72.80259326948433
81682	412.1072318902855
275365	483.50199043869895
241685	505.7622178904324
265887	296.09114120315616
33035	339.58856892598396
136304	525.4288661292737
9946	161.9748527261872
59554	449.63071194754406
234956	124.60675462789484
99360	160.1030240305218
4092	552.6240836018458
122647	146.23711318245725
99613	100.87036196655608
256694	421.917623723677
39101	477.4165467682967
100799	367.1785865169712
15533	428.5064684814972
268631	549.5822091746019
77257	507.9711973366388
27916	0.7692602982893609
57824	451.1793910274618
282666	0.739360894231474
217671	428.2573237661563
162845	382.4831031444921
214716	336.5247481658874
144042	391.14980218703556
126932	377.3089135860244
102915	429.2801615095543
257187	396.08229088538764
171790	513.2982967884387
97248	497.19158877837026
90417	44.827960817587
59439	451.4393252788808
42427	439.55847359834945
272143	3.062729615473663
5242	399.47765068353334
85737	418.13851052178353
69570	84.15768303030495
277537	474.2767802809616
19765	9.673684308969433
108277	536.902936087828
59600	525.5879049623525
142205	1.4249374223181666
270797	426.0273074698427
151447	357.2276086538718
7918	226.00333054647783
156257	425.5221202307755
81979	356.07770648121937
161377	2.2384132881807126
94559	308.76956097883306
283136	448.5986513267584
220902	229.73638149343955
242739	294.45395731385196
176053	357.58774279485584
281552	534.748137998861
47361	455.64129950496493
109457	83.86482256167054
239243	506.81561125458234
104767	467.0280090700554
235696	353.9006859716212
231123	2.4520267822980535
189315	451.22329079694606
193349	480.1775546099709
189559	452.26037077371245
6429	482.8175199210962
99873	498.0850413820592
57410	1.4926285543708657
195265	2.400525125122953
284438	508.75084054893847
103835	517.0908359455266
281087	1.8313553761402812
58784	189.30121480908505
145375	180.45862445180427
254134	121.19551559587786
15365	377.12305315262506
280695	393.2327935645017
203215	2.6274464236116497
238329	504.9788833031409
208476	0.4566019362052447
178504	82.85064768754154
79428	0.554307554142528
228486	49.371393017954794
207281	460.82026709760765
182317	3.5422119124777884
247553	351.1868494016258
266372	115.61209617444604
9980	388.7967130964375
188565	411.2698818399995
30534	0.49417532636263456
179669	421.08958001900714
113262	84.7503731084628
167426	389.64605331328323
163899	0.6000456970867277
279584	276.84311366890535
223853	381.5987267047478
20629	165.24664504997145
106810	500.7057555187128
165410	1.405542054348466
261858	104.37846744317322
119584	398.0749743888439
70647	1.4702567436064622
49793	120.10090584836816
185230	428.7846589150951
10159	82.42114557194633
189913	449.6475353903961
144170	430.931412101371
109536	256.7139160659827
282381	148.3177398884211
130934	498.5414329134854
191582	383.8345078087063
114890	479.89398157124276
31946	29.972257528876796
175646	39.77179852400595
129900	434.83696606694804
6571	1.601668648883298
105590	537.7846471663369
30937	413.64103237699715
73329	374.77370328960876
231932	522.4766330804836
154286	2.015183951607575
211289	348.1125768412717
171378	299.8829362618384
7525	96.52684268484451
152157	0.4568576750894346
207467	520.972243909202
67601	516.0276353215681
197394	381.38723258482423
224358	351.2491031414763
270293	395.7248261443836
178023	409.8157166916096
79519	254.91414298984554
236822	496.7117874431262
270597	373.11062076589224
202068	467.0342876313794
101660	0.6008289883108279
249722	140.57275099241738
170724	487.2810578804941
126404	506.23488788566965
279790	6.411673417424957
25879	512.7647754734647
264640	0.5134647516507087
54513	362.85906705099916
197950	163.7533217397058
82289	466.62329514629783
205205	401.9593341356908
101138	228.0037998150591
195901	90.951235252444
141139	1.693633079902125
258367	2.90908483711167
278093	1.6648696376579906
249392	248.64270589649408
167662	360.7501155945791
155016	181.66985735645682
211984	64.31430178109616
16927	1.9952030723529808
196892	360.6008179672881
4540	375.97006042396805
224673	251.19806439782352
247072	375.5336922303905
270063	412.7982312618046
111262	524.6504452648353
150549	408.92728349694886
10610	91.92011633216082
135126	1.6921104564371463
175664	303.26430546582384
223051	518.5944220090913
127055	2.0334536430610606
189146	1.687977412648258
159796	436.92886053669895
79499	193.71887846136423
205089	348.44699224922687
187163	488.6338518122126
146575	360.4220500373101
46490	2.6090031839174332
61664	475.81715823711255
231841	2.791585262378425
13224	369.12794218686827
102802	296.5550471599963
281991	334.4886970113928
231992	240.47344343967015
69816	490.9213379839111
35244	495.15738384443193
172670	440.0303716994131
85024	0.6000456970867277
251296	563.2767142731965
9344	431.2508061249347
196288	102.91976930164029
277912	412.6403448388694
140665	462.99440742325237
170688	366.09745892513047
88246	1.7079879670715081
129971	390.4212240565859
169615	498.52446375133775
280212	494.70743172254953
164497	328.9264938358813
348	373.57904438427266
280519	438.4497654667086
73952	476.6808479982322
25168	400.5384023356624
133004	246.37713156621925
38349	449.9442855327841
270865	383.1827962846841
228040	72.233558915366
151232	2.8044267736850226
133544	401.2776758447685
201747	488.1895429893083
21770	487.22461726906755
13805	212.9682434306247
22136	3.6039611954057547
94659	444.22308270351823
262924	1.7229594730167739
258887	0.7645065076356581
266444	434.4002338419497
32307	116.57650392106068
143832	408.78952878790307
224767	0.5815234391229482
185698	418.59302692634697
14072	412.5694996278318
23921	2.6788814754703743
269895	132.0835863010432
26630	1.4851928699930452
140988	443.4055632972264
191479	25.45132223109421
176705	1.6208906771831484
55477	392.726907954016
133923	504.77540493396964
90875	0.5793529392005388
156812	2.42445938913097
4409	409.7189275541147
134145	360.9750126460325
259077	441.9125443978805
77645	442.08538876987825
113855	365.4175335844669
98332	442.84813696694897
80492	0.44847703428165303
154485	239.51397852969544
187961	407.0366498624676
42733	308.3368116353543
199537	399.72477080580546
57980	464.724866636229
45635	347.19479007291613
96840	509.5007407427053
250968	429.4824278031518
64333	451.45652605617727
41254	2.7519718707447334
32190	0.7323998582036366
58417	223.7387340634801
129803	498.1217816232959
206403	416.286542412406
265157	105.66635500976949
31770	233.5305430567702
70389	489.64986859252843
178701	378.6105434171408
264148	422.7867024524751
247275	416.8044760503301
200947	402.05663186782317
59808	349.4327631339606
95415	479.19745238017487
222608	364.3797438020005
93399	2.2455590078960803
154130	387.1177838714203
96995	456.7459207949374
240433	412.7721151112213
256850	388.4436883640129
247459	449.95173076056085
112470	440.7209133130806
153025	374.3716159384756
132036	544.0715606743357
144977	2.5408613312724397
251487	2.535701486967456
68536	434.23707570266663
208931	378.2041174693663
70019	422.5050349461935
164391	155.48431495182285
60900	2.4979037994661124
73333	447.36981125988973
188147	434.2630779452408
228112	346.51178649002753
259843	463.45002673911097
248785	405.3904867611414
735	358.69311355756133
37846	521.2941060453384
253155	0.46868369339302085
59157	357.71650747139904
283218	476.5273093462129
232943	1.9358879626224252
135104	478.49488246282004
46881	500.58220335887944
72204	192.98601928745913
232096	1.8306897781074951
245054	491.86733980217775
7965	20.33708899338048
187211	1.6602398950269983
139946	478.34760269332065
250206	131.32887563867965
245947	1.3926848984919533
129188	454.47263160462546
192181	296.1433814135443
192276	2.7223313829983242
245830	418.6479279433771
251120	523.2738259305545
221789	2.2996759206987134
4102	441.9231528246338
244328	10.758640066253301
31469	536.6563034076075
166722	222.05168762386293
45184	431.1561032193741
59947	2.168458629019482
117314	0.48880886988989375
255372	496.92576716659806
178065	65.1264098397335
194519	424.07188115478016
11306	1.6551006161996635
175734	211.9401395677611
133740	402.81885526177916
269860	529.0393657446841
202602	477.1578406594592
199099	444.2145186096416
270582	339.3216819647417
17624	516.0477093528874
207023	491.95172139684774
249930	265.09549549841466
122217	510.877468294593
149590	416.0430146475993
117636	351.2929122718648
222755	495.2543756902187
86268	468.29349974679184
240071	318.56239751794925
105599	439.28924327443633
145218	124.26291987962323
156545	454.13714143115925
31214	500.296614728458
12150	455.65039448940024
113684	464.43543443605387
163375	167.45513983072013
177620	247.28617153589704
87410	1.4248669280527742
262326	501.6986716049742
247549	426.4938625397237
50193	533.5123114069709
248083	433.0442839678517
68462	139.4109168996616
132205	314.77584523119816
78359	432.125835939495
232517	535.6239994274827
233557	443.537959037622
196843	58.02436194748819
194186	2.520558522998331
114737	379.9414499697576
27536	72.47560411620978
71354	414.1013311205508
244993	2.5748564616870735
164495	513.7389874512288
27858	347.00895879155075
225141	2.5523844822257313
118591	393.0784986021427
7730	62.61959140083838
210906	331.0270890902349
178699	3.4387447673110025
87321	357.4249706362452
190073	485.3726753214552
91999	118.53021335148165
176920	411.71884748491993
10000	52.63742434726527
59331	513.5878390141985
20523	142.63905495055502
113680	32.8516747402011
85978	519.744361163796
150142	361.7768624720214
183734	281.68897843321383
204173	396.8519310813835
14121	2.7944421497178062
267306	514.4727555702351
56121	471.97051486579164
5961	458.01112596369927
236756	244.96757051895835
165900	390.61533497010805
52889	364.6327078577511
10989	0.7183475265130032
180341	448.3632032322775
284576	401.24903161322277
10305	0.7043437408913646
221447	354.9816857408218
10898	421.73039770646625
200664	431.6531314527655
226359	10.889693055736402
135470	401.92822777251075
244388	397.2118726171413
45632	489.2936715708603
268212	413.21874165537247
143019	1.4008475921659234
175363	381.1821316958885
209700	136.01797564840948
227691	466.90646789534713
196201	2.711914897228245
6030	413.4439843634253
132918	269.21887448811117
179568	500.1421609738516
233718	1.4875692802901606
212952	393.8862694385077
32174	83.77908785723376
114718	508.98797000846565
213939	295.56017400961167
69519	0.46553602918650294
267286	557.1372058136667
170944	462.22534284965633
77331	378.2847277872445
250150	0.5029697395788267
118394	458.8389485904903
117775	1.6794017077362315
179854	494.6051068918262
151083	13.536095826667909
241299	455.437067557995
246525	462.8139478080681
82953	64.5583166263376
175886	24.283625229870776
251789	513.1071928266628
92793	480.4922765805439
71695	457.4517255390833
99593	356.9188455565893
187310	522.3303036479043
181467	171.42215510895304
132134	519.86731639762
50627	196.26727918965733
229985	305.72565052772643
49720	233.30584330493366
99292	119.23568507806733
210261	527.1149050636748
182187	0.45437988666730056
17134	458.9196778398507
82727	293.3302219796301
240462	374.54474766289286
72702	265.1638977175952
174442	361.5574409902382
263008	382.3738800430722
24799	453.3171513412061
70205	58.83475176009544
16601	465.349223883227
64808	521.744277863455
174278	426.7939848066045
233664	401.2841482870485
139722	543.7588399273419
28893	409.4637703682415
90821	24.29568790753587
184208	404.0234163426261
116186	463.65943681395953
161769	445.72541819100775
45382	1.6709695380923324
5211	364.2975164830551
123216	537.7290739544507
10400	144.55908905874284
180814	374.30294835646214
236190	493.56153379233024
206488	412.0835813724971
236197	1.9190579274133728
33973	470.94254723238873
186197	442.75103862127213
23370	419.72870925945506
157761	2.528447490606464
65796	432.8913195466091
252342	278.4730547768843
283768	141.8126119844861
80278	376.9659174021082
22514	423.69999210104464
251486	443.73661930506904
244039	502.7800648934094
37910	501.19761316291783
270928	0.5651660420905985
196941	172.56728210995996
74216	363.30605657453316
65876	371.2344029029125
82995	58.618426029523626
164284	2.4692711333309507
251970	456.04712400019935
127954	498.934217220705
6601	402.51001257878977
254266	406.8741217508305
263321	511.7434439254896
89852	9.592620102397099
48448	365.5767735838131
148667	464.9827162913394
73997	485.17926749973185
245336	177.61953262645864
175387	455.42451467216944
18167	2.4871138392712178
170101	405.675711722985
1898	2.2862854595768596
89212	362.1046866595869
87117	448.2484106486579
139049	519.3397881043247
147958	420.5335738690078
97164	44.80585491336622
57734	400.8139132740264
279953	470.9214758620568
195588	511.8071852047477
173704	1.7357957504360702
115003	539.9094560831672
258704	151.55030413147526
2515	9.997223475474227
168344	2.403515785266062
121515	479.4135887685169
243983	386.7539050010202
169339	81.68514192541447
51536	414.4591242969657
279967	494.6989816857691
225487	410.1681825160021
88741	460.35239184522106
81424	443.2748674094106
142582	540.5605478781939
208644	3.667374403263838
22707	61.891374632225194
224041	511.5382925762107
57954	459.1248871215233
162562	344.37479260252604
18168	446.0783090918059
50270	1.683642078165454
277559	371.5756319261028
102088	347.63131733731217
107215	431.1905746832671
221725	544.050380888264
9284	445.29444810465077
61577	504.385499052942
282203	45.216629474518385
178954	455.0739764177551
173396	0.7321118183570002
92088	511.03903760367655
14580	416.050453484858
84267	433.3670131255095
163842	164.88256097041983
157809	460.09446198936206
194525	471.51593300548916
141251	422.60618831800764
217291	392.62632774152246
98788	102.33144227822262
172290	544.0991795562469
268607	436.6895077448114
115227	466.6671660242143
104985	356.2665899876959
203715	395.88323521028934
242189	519.6804579715729
228351	0.7756363534420387
269204	445.21153569245064
79017	404.55116438561754
70880	515.2126226329976
104435	512.2245083210793
4789	469.4568660398825
79605	292.9363566831157
81417	330.44294602390335
267710	459.69318881539
132390	519.3998618491971
118317	454.4044330967222
188656	353.4115072682827
244235	291.5765679455352
281613	189.06399466984786
66401	408.11580307229775
214255	486.5276030863853
229915	521.1300504557031
156788	389.11840010865717
67430	469.3924066490905
104176	11.467893817784253
9770	123.21617699549411
260839	501.9285627646685
7594	38.52266427502418
242581	432.4250250190162
222912	411.0849744813856
85223	459.91471801975683
253620	89.4413736281282
4177	430.8252903578936
253557	115.8293628205975
95682	542.0992994627346
266603	451.80835969411794
149096	3.6862653600634006
5906	420.55223558843073
119471	461.03619935536466
265807	0.45775207782986294
194701	353.048266527232
133080	182.86856525492058
31853	82.28159805824808
282147	290.93062492675153
9991	281.85480730345176
24714	257.8202607113523
31055	425.32305551380233
135269	457.3587742447993
143949	517.2589466742909
119455	418.44290488394313
133033	56.423932771279794
160344	67.99373834801138
100642	0.5618487062427459
4329	341.7855550804037
16151	539.0433599205543
237032	2.0451551438297018
107158	438.65598551408664
226277	439.1224092719018
177865	137.29628503251257
28620	534.7140658943073
231941	524.4829291303495
131678	2.426035501544941
124142	347.7013719953939
30351	435.3428308878132
93911	501.78157139168627
34506	540.0223817748629
209526	359.52720643747875
113677	0.7085827410111469
256976	465.21422910179575
228046	88.58026966369636
213543	356.0668781971886
274142	2.556714595680429
70008	420.4960558465307
133212	142.52208491413958
128480	378.56575247976315
162332	41.7122059037635
238846	533.0595878438239
10975	320.35517265798103
258331	436.0321364766283
227558	470.1460816773636
7922	259.66283408854713
120452	367.2733076431241
267279	1.6477107265206563
163937	272.9757747494793
205037	1.4770215227221701
1217	341.81749176320125
178252	416.93674821304296
230390	412.86637474366324
148846	519.9979271401028
80937	513.4994478917491
274260	353.5422089831347
28714	401.19711750579347
187129	347.18695517335254
67001	142.0676911657278
180727	154.3222669247322
10625	183.99438530011994
102013	1.5162259688859954
214620	439.85328941822934
39328	528.3459270548074
245670	133.57228790452885
88272	470.16442905993716
196975	31.949830693205797
260348	376.4116216674232
21112	52.31356631979901
284766	468.02402712536696
135157	503.6084461943614
32215	145.1839116376467
49921	72.5558291330211
97733	425.35741723554224
253511	117.36343297831739
90828	210.06702865331988
283340	402.3394224866776
32273	308.3591058419832
235992	481.1691928797262
269005	403.5766412686692
261548	542.2558182960696
31220	513.8498391712761
253598	153.49408680293675
192934	349.133667519822
239952	338.8444274375024
155523	63.236677905093735
200527	440.68437107989945
28197	1.4970999373674934
7540	41.771458953644775
605	385.3355068215617
165530	490.4559528360637
279443	183.44722594844663
273775	471.19997790064735
175184	490.7763649579286
22183	458.25692729540754
45909	470.57320262837567
91901	411.6920142188
83532	1.6341670961062305
134593	477.6858251558108
271387	455.64187641236896
200731	354.3572964755903
133500	0.6266429661392663
192310	76.22592702632672
122174	397.4366898346993
177822	65.0859700812485
199997	405.1068016035778
226993	2.330989089723972
71359	368.7621131598707
26993	442.70883229955894
211121	340.13693417925384
82668	107.05643924580595
196867	77.89309362337193
161551	407.5273086538657
20695	253.7564577808064
88142	435.8332415071542
125177	462.2404108834371
217796	314.246266110001
190141	479.86701688129233
150081	478.0888539018683
1698	416.4061159187797
114965	430.9453450041253
141296	437.8966511575644
182104	126.4279786881654
174500	544.0149753707983
215638	522.5255815394815
206453	436.655000972055
234928	112.21738935064933
178534	487.08802589546565
7521	40.38521434954078
261750	333.15335318354005
243071	516.2126802934781
75916	475.47792416916064
263985	177.64823410232805
5244	436.2450886404059
239747	507.11556694978043
158165	305.3991072519779
105037	479.9464251165558
250365	100.23170056788393
90228	279.38359289356316
180978	478.67807540035693
98380	531.3361203885918
42565	500.9360787170825
251740	508.50632379633925
198965	470.9756843744958
126876	500.26602132498596
254721	3.611891360029306
224851	29.52818128362445
170660	329.6887437254634
196764	148.7965526747704
270282	77.8383008991437
160930	520.6910825499363
15105	386.6786965856125
101880	134.24381540283568
7763	76.08534819337753
180719	351.2349816075028
220830	2.069614266297254
101240	46.49743684182608
133160	313.7377889909762
279373	412.6187488192263
63564	457.4654107559217
46557	80.96204199689933
39403	394.4107600422872
155254	26.211753153184418
166298	64.0334005624517
66666	252.93715310873563
266890	383.1506699092329
272923	544.2307160465518
56604	430.79893389574687
173165	39.949570809041205
155336	70.82017189367521
269548	461.1667708390298
279458	123.18718141730335
225849	2.7883696420670177
283661	2.729919462267048
271536	426.62845441544414
71560	525.3810164179557
269221	263.93633147588463
24578	0.741987431292827
50863	506.68731392038575
208141	121.54121003790954
161657	450.4527202617268
215836	413.7614328110042
188244	369.80416499751936
59092	465.35713833099067
89580	333.62871093765796
224976	380.6413338498912
9953	323.44866233426893
138568	417.9948693630908
79004	380.3930244205717
265388	535.4355219597651
33257	455.72742766458117
173981	483.93562395996696
3655	15.353395947533123
212033	435.63689602659315
96031	405.4171474466488
115632	385.464229706059
84974	128.71831401940122
138140	1.4802138564526297
214060	529.9667845435985
224443	404.05825661508743
56941	374.4750608185577
251791	458.1680737690628
214364	361.2547952022468
162043	9.300411792690241
60210	29.033634280010116
2682	512.9020988512351
199281	387.1841519864535
64249	416.2679960618244
261674	333.2098884342188
109906	287.98960137270143
22101	393.3239446971425
109265	2.0035746814841984
85130	262.60530022371233
254511	528.9057656994365
231660	170.8968613333544
144405	393.76594961337537
242407	489.6042738940192
149345	2.3999370574809884
95460	388.774613103482
113879	424.1299246659756
44855	346.94849618071714
213516	546.4741779314925
97872	428.237579924408
68666	517.1586788921722
15123	478.40829428355136
282972	464.71421705984187
262496	0.4541724480910308
101916	346.5996537472737
13680	105.99813601091991
18902	448.86216611331486
260975	338.2299239804553
72765	159.90035598478605
181924	193.86912380044768
193041	385.4228744592513
118839	388.85919518831867
260915	386.65892906900746
34481	398.95075068939894
102789	337.28710611910157
230925	484.3515077648898
162387	59.15398124466129
2531	266.7976642478512
190998	492.5084025647222
116424	476.8603811715731
176344	273.679958829231
132272	535.3639516317328
212423	537.4223783401238
178206	195.5607889904576
22342	368.80421005877156
45118	406.6639283588696
175097	352.60298312593784
37455	1.512637241740515
222328	463.7993040594547
249639	101.326597478717
155287	56.77507287221679
12284	94.12861997311651
230271	415.2432563147023
24644	101.9559779791909
63986	344.5661453185072
234485	298.3954059705767
231847	483.92827991593805
252802	408.315974490493
117977	533.7830223544886
169665	493.45411716745707
72304	2.812817384936475
178011	113.58610683705419
140799	448.64689716034
128859	504.341383268402
173095	331.0706688869918
95665	464.02648969076296
231216	398.0359609363147
216476	487.1283202011152
59630	545.0101180325186
176289	0.5824391875409088
18114	522.8801596483933
115183	489.00045410218576
58543	73.559759217605
34442	1.6294903081325989
204380	391.6261301831693
17494	12.639077156992585
138166	352.945273476332
21289	254.4864538366762
132433	468.45870370717705
245737	2.796143661698496
30470	327.38926401192464
39786	505.40524470213353
256149	361.22386001021573
186861	391.870112520955
94115	2.44301372787967
125458	333.61501243066135
47977	44.7395092684306
213040	405.40555863753417
208576	514.0972999877331
74659	496.40516410013055
134124	263.50843980282207
102622	367.30877572704844
122886	0.5955041226475937
237167	476.5063734580283
247778	361.73614436877926
5771	353.9302502912746
94505	328.0762397473412
255185	524.0084917720793
101068	47.323824449871054
243307	416.751222695075
124030	394.5737403749917
279103	174.55604553304968
79215	370.4197250754756
154278	450.2094813746513
183563	419.47802455204555
43381	343.7015000935069
99822	99.86305251512614
115849	494.9716766356824
101808	6.900443818970789
20966	3.1057940959840633
106333	404.31497328292164
78288	406.8926216153488
206973	344.48890447101684
258831	37.36273894433431
198281	143.11534590758885
103763	537.8271515138812
74879	394.99676618679626
258719	80.24347632494467
142555	347.8828184243976
132764	326.2837936616162
18183	496.5231354078512
114365	429.8340140345738
198761	552.4196190799486
61683	242.03137182220175
275205	481.05845291196766
7274	526.5753952857689
254189	385.7448424377263
31762	39.92758391509083
186068	531.1583937836714
48065	245.355800166025
238425	1.6552060379525206
275912	430.50001364940925
221060	287.8651554080469
168165	77.4735067300631
224436	339.22570332534275
93129	429.62052373316374
188420	415.18239919963185
41351	81.4140741972096
98726	266.2663901466558
22746	399.27046964953155
191261	113.53072327045498
237784	477.5010239499541
121431	1.4979889875860284
200328	441.9726288451087
165842	424.19978132554496
211166	427.34042124844086
178520	0.4426707373802541
169568	436.724246386126
140468	368.1205949008879
236903	288.80805591379243
232636	509.73283168141023
191901	159.57463724157782
276213	456.2566936609635
155211	61.25343077127053
124494	409.48924512908536
148407	359.55381647092554
108053	339.42855058778474
175964	67.8140898445995
261767	96.50915573115721
269540	513.7386983668098
215518	452.33071058396274
9824	77.57497161947882
93860	458.53919279288016
90221	61.81967236356665
31478	475.9992490129247
67744	297.3516331466097
74595	532.4257763543064
234997	0.7764627281220146
9416	443.1401638300614
7506	68.0488242612281
135301	462.9954480382343
162614	305.53474940529463
8377	57.25924397741893
208986	489.11783997747204
120940	395.42237041426824
172381	501.2996597978399
