197399	218.200923137535
80794	218.89168601054163
199760	200.8152585295356
39772	239.43488394236846
17733	212.83394595038675
242842	167.5849043173636
79998	143.36397627015072
129718	189.78090708076502
250851	232.259312587593
266797	53.92847896352912
282623	69.80993497600677
262994	224.85963293120565
239113	205.09013770874057
112950	182.57947034629478
223762	184.17126377139428
100969	151.26134321280693
218904	0.8134967928716553
198634	179.72331145476974
254675	225.13760148779235
137539	19.175892847073936
217815	228.67610536997904
179914	179.0782483311777
7941	93.0356627522603
116132	258.72287705558773
37660	169.06606116553542
172009	0.825026539305927
117314	0.24440443494494687
274105	191.12394965764062
25550	272.92930658982186
99516	0.35290623075935323
163006	123.50538209108194
31642	197.5649784408231
21389	211.5536140912005
35738	8.8878405735822
158384	201.83308008595645
24015	183.3945256224889
192578	230.07367136408084
84861	148.2437192039069
11115	270.84589959976694
166736	46.089463634577086
173955	239.27445056724554
77775	215.46089376194263
8863	187.98099156683
154968	54.461232493097526
136123	243.17274352706863
208476	0.22830096810262235
113677	0.35429137050557347
214230	1.4009618621232665
106905	194.101061683849
280909	244.50322310751028
250150	0.25148486978941337
58324	13.143199687755729
53251	251.60591666071642
262524	10.713777517310827
147882	154.03044967415045
127161	214.59970430129138
141366	180.4253026943816
83131	0.2266694790464957
47352	240.46702885362473
166755	122.45028591561591
175463	267.48947265734193
132002	188.33785938424012
65645	219.3052902027223
168402	238.46281888319768
112471	223.21197354715673
7994	62.76977753980145
93406	185.01293413852866
45322	193.63973041968785
193535	228.58570098056654
258779	31.952270508324187
271590	154.37165547736453
122339	129.70466269069
256961	213.41970416425767
185008	248.9203717485663
245737	1.398071830849248
76751	0.23561947965008406
230986	151.8461138085605
149932	254.87256441006502
170634	168.40240961673302
262496	0.2270862240455154
136192	0.7947564909778521
101716	200.17006635236936
56615	215.81239388850162
32551	32.38531661687763
620	185.0753995054072
57477	230.74453483799707
257806	82.53664754266947
262764	230.2060889362875
199348	192.91253720184145
192447	173.46590578793888
166779	0.3272364402565678
261390	209.63008771320486
103430	223.687915307431
208183	231.04374790578134
81970	209.84442767877124
212536	1.2588579007623226
221072	208.26448897283348
178353	219.93154845373317
168716	203.91929110841588
141044	257.2600057357651
151634	229.90379626012387
10989	0.3591737632565016
89454	90.12795948653923
210562	159.73279735527387
178943	219.3234463957488
225420	132.3405451379839
51806	234.21215809204128
264640	0.25673237582535435
104585	265.5519650608246
30463	242.43238872378907
100642	0.2809243531213729
257328	181.31297715539299
254108	194.11104752011727
223642	182.3958520498359
102963	275.24116846370055
225904	189.81355188893562
97028	263.5389138282028
229626	177.3513707180811
155277	26.714577543407874
58051	176.37574930721055
95125	0.8098399688188561
151395	248.05447770196582
116643	119.50850630704596
62921	249.88537361317242
189005	266.1069694697083
215020	181.83853623852139
30534	0.24708766318131728
120053	214.60312735361862
240360	219.64511766888742
85024	0.30002284854336386
63752	242.17951592124308
170666	191.45067922637372
14018	249.36310392464532
109372	22.09744156776105
234694	60.173521530753874
186038	215.45985966701335
126508	181.42358874978763
197059	32.32243214016929
167207	227.06543985384255
282291	110.34169097079142
186723	176.87776301225742
225141	1.2761922411128657
160695	269.101988581662
265701	82.50855382796603
161377	1.1192066440903563
266390	219.4776393240779
158660	207.44405346652698
284035	197.36669003246539
196975	15.974915346602899
127940	171.75913969760538
247593	0.7209419875902685
236362	213.27282028327386
113032	257.15750968169476
193241	267.29910878722126
133033	28.211966385639897
17301	257.0701637359211
175981	178.03117611136258
271632	36.95697276582534
225465	228.00348565616176
123895	184.65411960386587
249858	221.03411974668225
178560	125.99419829134665
266027	193.0330080045937
92022	112.9894643667545
32408	170.9589273160481
100163	229.45943363494678
186548	198.399822834432
12743	255.43832319717797
55353	32.54398507753145
166797	43.014648639107975
106327	229.22710089135865
36178	262.35432292499513
102331	228.8522575189741
247887	211.40130334456546
61768	92.27554613093446
7209	200.739248339368
6571	0.800834324441649
209880	218.88839194158675
260801	0.845534147835337
45382	0.8354847690461662
216962	211.5394784196427
196482	62.10425086807781
32444	267.3297718378793
79740	40.37746285960609
148929	0.23252304336311047
122423	230.9085617755512
188836	196.69782926726953
176199	17.630059864078163
191085	66.44618977937485
133892	1.2083138740083659
187800	265.6137422359512
126218	0.9418570726630822
52541	187.49269244960703
88167	203.110690581889
208626	89.64095910369493
191886	0.2856806942680397
17184	0.8735251016223194
129175	239.52764055499537
48678	1.0692541789531074
10596	21.02288553176991
13396	1.255778264295556
10376	57.39502003554937
16598	211.59908855637727
98870	27.842246157604936
195514	195.8188285172016
256451	237.96226793061194
178999	212.60852993279363
78856	136.120661459665
252855	238.0833035230704
164071	119.95415088816478
1390	188.47861532911992
275767	206.32858194589767
96356	207.50655375252074
149345	1.1999685287404942
21306	250.50845645173072
254065	206.4056218828968
20030	198.40747388425282
40065	143.0643383978889
213915	130.28502771927148
42959	249.0682570822462
50833	255.10735130783655
38104	211.34041967702808
171992	242.53168698778612
58295	41.05091321967866
47273	212.03126128119013
100331	235.43444953747496
180810	73.00242907756703
129504	156.60708833912756
77249	183.5839100470128
215726	182.26461315736222
153472	0.944738529580458
172471	226.46815743971678
251168	230.143784802676
145040	261.58446071183204
162266	34.883599327569826
215164	158.7713663640645
159238	194.290406570086
225336	243.23215595580993
191313	217.78603901357636
53507	0.8459186008925288
18570	71.13629001571105
18505	93.10940328584009
29157	203.89857468469876
143019	0.7004237960829617
33666	216.92300907789786
280030	0.9606794992928407
197154	150.89063557856036
101660	0.30041449415541394
134834	1.3251378563487584
228663	164.43439061519283
9834	157.77716099128693
228843	204.4532933119298
4008	217.95060281126814
197220	103.16760002246404
46619	145.00105549449984
179599	224.27649819234318
197028	0.30823858217873573
138981	266.625767826975
117376	163.41178292212507
23344	245.51370238582024
258250	262.71734724387795
138512	254.20522200095928
165151	249.09939480923407
67386	114.76841407818802
178206	97.7803944952288
205431	192.64941260253715
218008	214.72278227250828
186684	197.54887157675705
7706	78.66426612383722
188138	170.43357134708182
222426	64.79486737375849
96823	155.25363843513537
60626	1.2112852538046448
266643	30.320715071079643
115012	179.61824270271705
1270	210.24597653508698
7608	18.626672707845536
233785	229.51615622457018
117098	211.8451990083789
131030	249.19484165945917
135490	250.0907344095838
32954	82.7814293033491
98935	29.567067216115966
8255	14.761688440179915
57436	225.492990214274
182187	0.22718994333365028
254935	1.242502784977302
111893	249.21971280634028
180899	30.41291079147317
107004	229.82926342611475
143191	273.35361575851994
156957	242.54323240848493
81076	239.26947224621094
32592	69.01148146523862
34370	213.46195588776146
279080	244.24776936415822
186051	209.03538973160374
144484	201.345976579108
81332	210.0986381268386
96023	217.29736532788766
122886	0.29775206132379683
182312	203.47021343944706
132800	196.6642696175126
144977	1.2704306656362199
93502	50.79736505456251
81185	163.14706370124466
232036	206.9885876484917
130953	88.47840862169998
62723	231.49069880084124
73332	246.54766969638808
22136	1.8019805977028773
45798	225.5149932353395
176243	98.3079605635167
244798	230.03903873834133
188072	189.28865975298822
3655	7.6766979737665615
195068	51.92718037553421
118385	217.69858166118595
150983	227.8079751636784
38419	1.1253369921935925
44389	1.2132858447748762
201628	125.86520863516357
39989	157.0490761060918
12637	242.62260337195684
132968	37.633121137635044
249361	237.53394925465037
21863	204.4209031558351
241429	239.40048532067888
86772	93.72453516119751
43631	185.39649520188365
79428	0.277153777071264
5563	228.38374143120137
275514	190.9169745353524
229334	244.92812243721482
155522	8.302192738587568
227073	228.4330968064678
75953	230.17764605256252
15465	204.0784968362769
157081	189.9012050051803
109433	195.11569393631257
194431	236.78361151205945
50851	97.0828464864527
281986	1.0246702743596507
16210	269.8831087546817
180770	22.015905092494933
235916	250.28497331801577
283661	1.364959731133524
146814	223.5063793874167
119797	237.7592147396981
52903	252.80603006430076
270928	0.28258302104529925
158348	229.3713233357977
72400	161.46488867285404
161692	208.3559388389471
20875	262.64026074246834
137221	37.92599580297864
92911	193.7654765535631
241849	196.6579206442988
67072	237.5515152784634
29925	155.3692794337803
10499	218.5514962224776
274524	226.0168912692312
258930	23.4062193511822
150349	251.4802013430568
55331	198.66628197342263
199947	196.35118864787268
109265	1.0017873407420992
47629	250.62312625239974
265480	112.75829203658104
91009	54.6026638913395
126204	183.301986438129
224767	0.2907617195614741
4820	0.7208625709817891
182751	261.30366222278144
243037	0.804964820405277
33201	0.2816970979698086
16083	0.9470475913867452
58908	276.8390933641929
228128	48.86415163652812
3853	67.41029449949843
173126	140.09003915160483
155243	32.46629523391443
8395	77.81377507027402
137269	123.7608947133739
86356	251.78437761786006
22476	183.119061227287
199063	216.96464268071722
241788	208.05329817840172
68113	157.09322649789286
277698	217.00725249467052
246359	229.0774822895803
38362	260.0465536720351
218976	213.28673031711253
105522	268.33541981806195
58847	235.17336831071952
80492	0.22423851714082652
19064	239.52476675003643
228452	35.252182420982585
117126	17.254826481059805
194837	6.203746340879064
199601	177.2390474602287
264489	249.4796422069097
132983	80.47802765055293
91146	111.67724975967349
171237	263.36439481216945
234602	29.8457416925095
28060	184.3806498871892
40490	1.2530121708822493
276709	257.8816066339184
10305	0.3521718704456823
36848	155.76635612443474
137667	162.37745429994817
83962	220.21557543409727
240272	0.7361448718027661
234144	264.50393537328915
3441	166.33915248077014
47908	102.76231893620296
58349	207.22550255357575
176289	0.2912195937704544
227986	185.81816638068668
207426	229.53942691002698
40021	249.02924105150305
168307	215.27612140776137
33662	180.40313779008906
16897	249.70107788556706
236322	192.42331093397064
265807	0.22887603891493147
252792	112.40583234704516
188472	265.1393424119905
168461	190.6203338822602
216763	187.43879941769163
165185	210.35675256610804
153911	224.8909278863385
187459	208.68553357786797
188012	228.39251548439844
155352	22.08471353554101
140133	0.8484752203959348
207791	213.23787814811845
28154	226.95554812550108
51152	247.27801274205373
168036	238.58817743388707
121431	0.7489944937930142
20966	1.5528970479920317
27208	267.117940121488
83478	172.03648056576867
44518	250.13593227614595
231454	250.5336729834769
204001	169.0518712149907
238248	224.0546673614586
160240	1.588766577180107
1467	268.84626911340865
61250	219.39545132177054
133099	157.13545315530112
90765	108.45251655499926
120033	240.96682462721213
200518	0.734508271772465
97659	172.95295459315992
219112	248.73480758121215
120205	204.953195460536
118127	5.683759264677471
204112	181.70769914807335
137333	171.5479080346513
46490	1.3045015919587166
51596	135.3073389818848
214821	236.02462082172568
32419	17.372630811496972
258884	134.90657105460022
222546	1.2538378066613622
83059	26.278073751557983
155036	0.35610144564158314
45123	1.3192197803918344
23921	1.3394407377351871
273804	175.26379811853246
188736	209.11948363635364
280763	250.9916326686944
44050	201.48563704290186
221762	161.37058729398137
44618	242.8904137905015
238905	238.15422330371644
78461	185.72694589955597
47999	268.6398450779274
175204	265.2868162130703
193951	198.3483448975087
277082	0.7439071341798269
147750	167.10024718472351
51230	74.632702333593
78555	183.43434563912237
28335	222.78300575862855
261012	202.67079524420544
205037	0.7385107613610851
26196	192.1891956550721
3060	181.0501630204037
137724	77.2264244400973
257991	214.7872972632204
236859	224.52904119923673
79351	79.72342824303307
55164	209.20613611406228
138157	205.05130997152932
227620	207.5079508572167
284715	268.00100371744423
122273	57.58374375236851
162449	144.3685849952611
69519	0.23276801459325147
242227	212.83272981526522
90213	191.0027136160644
230871	201.5268282168538
51075	266.32238423235395
229749	211.84071559555494
263665	185.6817295621531
137753	0.29447474445768085
197559	189.8175627710393
100007	92.98043551224306
214423	185.12826603252037
179834	169.66900383342121
100565	31.361526817007142
178394	47.09664347410364
92053	227.36908971570142
234801	36.47521917979843
179214	146.33426591964525
144227	223.14285205512823
67511	202.86811378599518
40068	200.0582626007061
175627	95.1133994099965
126333	234.0054919067476
187082	213.18747544888757
152157	0.2284288375447173
9604	16.92324763148581
260072	275.16676535429184
127987	232.9689829599649
72539	1.2634853140262006
154426	69.57687253887538
104612	195.1621465364934
271435	61.65973863746663
252348	184.04041414415872
217803	133.00020363006445
53887	257.4990557428266
253199	37.5883808721281
136579	269.08484453770023
275903	133.12475987152897
28178	202.3146597874137
281960	259.2667565816288
127055	1.0167268215305303
75670	178.56933524358607
183174	180.4654741143346
8625	239.0712795686052
208604	102.97764647659743
17010	240.975826339853
281996	196.9474570940459
111738	209.69184736560445
50167	221.04060389846146
232731	217.55512904321705
41403	204.2590019777619
25237	251.8827334276201
117024	203.75050838657938
264718	49.26204349486763
139755	165.8230545898179
260493	215.5639726147758
74977	191.44460505563433
138047	197.17517769874487
129790	204.69603022100077
233440	169.3027244642652
30143	63.36633222416472
94876	205.17131733152658
82898	226.53980161924963
193800	193.15154447159404
97854	0.8157114345941702
8251	0.3533756651063078
84764	167.44202884321942
57816	267.5051744078271
209983	113.63409173497188
40246	1.3221707347458778
49231	192.07418095901764
172589	259.80978035677236
283921	211.99897219088425
235970	196.17005979478222
176442	25.428776573439233
263660	183.8024521788834
61515	248.80217981827695
265664	32.9878276670603
70791	247.54719023606881
265652	127.50289352023862
279990	230.9340042704231
7979	228.93585047286143
242587	225.36577972687272
174228	272.8439323992776
253155	0.23434184669651043
197171	79.67433268259887
173340	85.23570549766967
13858	213.68954990347956
22824	214.47655569398012
255163	192.96325590554753
2087	77.70271067316227
138466	201.31502441236265
192394	71.69007662009734
141090	273.0236145318295
146007	270.84423564820986
197030	191.87352191464694
69746	257.36603929865225
10692	65.36773971816976
24949	261.4514053038401
158902	182.89896314771573
262788	185.05599788343372
187471	167.02364890029796
131099	257.5571668031858
3792	1.5676254667506586
125809	273.6351128000226
3538	266.90692956529114
125364	247.9579191550421
232615	264.10584342518405
262588	29.932861805788434
155442	37.845774080204414
206880	235.09627884997008
148475	249.8439600611238
266003	236.9389879735932
217809	0.8586527846043953
267279	0.8238553632603282
48751	108.15023818985952
121003	236.66923920046347
97768	214.8281179119295
156950	229.5955829496714
26630	0.7425964349965226
43608	225.18114896312068
13007	271.6208327144191
84683	62.66040805317976
110334	4.31365389760599
99312	171.81609246844502
178245	67.06606535491765
75822	175.94851653854118
16838	222.34465561554208
254789	83.14927626303755
238570	207.57257368479097
251811	244.03444756894552
176443	3.25285604941067
8095	155.93019835718542
209767	251.82618716424582
253902	222.71778942641424
130351	271.39675024919694
204085	198.38619787304944
265665	258.55827967848467
80242	132.36868994990408
192327	192.70517407688473
265954	216.41635833462257
155458	6.889398446083199
19843	205.40270860820297
168959	167.98950311629704
189434	213.57374701025748
178520	0.22133536869012704
142205	0.7124687111590833
58563	92.9157190881369
89531	15.443491975809696
168344	1.201757892633031
163200	197.1423245008779
129234	0.8539527269716762
21783	197.04546489084817
137171	20.542244363966855
235301	181.1684846764143
112111	244.36184625112924
213470	233.88875852753478
58691	0.39305981311695365
163337	139.29417463804674
35858	210.6597177987132
150823	234.5486717997193
197882	19.389269173670986
44277	238.73426699439062
269665	232.12205098529594
266822	106.00303483449409
84287	44.4771317882788
100211	251.0568763092972
72024	263.6409574721858
176294	86.77884815131505
235293	0.7059608302415958
181530	227.40728766989727
111852	216.50034271943872
258748	42.56262333120818
155242	19.09262278735197
197190	76.59108307659632
209342	171.61983012160587
58919	218.18213080409083
56300	144.2615631471483
137956	49.24574398245722
214310	166.21780884049332
259937	0.7339614158262046
172904	89.323482593787
211129	210.48454978757158
21956	0.23363677502118022
36288	147.26324645636782
231315	193.7975881906286
45257	275.1310322028484
90021	102.35397624754633
234664	143.16609726667008
231123	1.2260133911490267
264014	215.86118230121332
231344	228.0884428673658
182317	1.7711059562388942
164056	51.56149716085894
242032	211.16174819784794
278822	250.98342470380345
272199	270.5284551888208
121761	265.86378909959126
12726	43.70056183645643
260794	209.9168533318847
122140	170.11564079704573
26103	172.01192623460423
284393	243.05473782549163
217527	223.75545029079856
219544	245.3921035981215
99620	25.040517115057504
256641	0.7490146811570815
228289	114.67685862358256
176705	0.8104453385915742
136687	263.6045994088608
191265	118.04225182102637
66792	208.61573686568525
10335	52.05189435338627
282666	0.369680447115737
51194	48.74227337717686
260395	275.769552655352
55792	183.362494528844
256239	168.72068075006868
75697	223.41043846655703
13172	62.26788869453674
10538	159.63648922422612
192104	50.518727873697436
150367	1.2893835098093513
208467	188.34382834603403
104062	164.5114401344438
10325	126.66748302096342
56312	0.8742489888140104
282138	27.636054934624134
114694	278.5018887410557
237981	208.2011195217749
20796	190.55560612767738
260372	211.87308654200586
29362	220.77776512842505
16450	215.1002166249067
74870	181.15086939849627
218109	213.61751144509913
227756	222.14481779915303
245526	242.55468226782912
29415	222.15078252876708
240426	265.4040602508608
86392	1.266717350134655
108792	83.97713033173765
32190	0.3661999291018183
114649	262.7664114014664
161890	239.25955668803414
138277	208.11571836002142
186468	204.525342244637
179014	246.48520772563415
280749	206.57942142414257
249728	186.37217528279965
266293	245.5198492564661
246932	214.99511044010555
38716	231.21549707677445
47548	91.24082410694973
254958	258.86027903412247
105689	153.07819764593452
74785	260.8544443944573
113312	71.96369992727838
116188	201.26049178626198
128989	1.171969274669907
141139	0.8468165399510625
117140	28.636383118748277
42265	233.9074119597548
251028	242.56508799798607
31697	58.50327196590996
21881	29.111628908700492
92111	1.475333957669928
179234	270.0667931239868
49295	226.23411375322252
101640	85.44094271124736
68809	125.72983414507215
84837	163.44714104434865
32692	48.97351978754047
4551	256.3728278494167
252199	1.4065049320821328
268294	0.7302850551473754
130976	1.1154218205066904
10022	10.342819924624365
10474	50.522794458619785
167150	237.7044112620078
3108	191.91250313058126
223203	185.27106715618507
191364	172.58630050288448
28782	195.8563426992433
42395	229.04171531341677
42295	250.25923906744077
102430	187.45888206357088
190299	194.16380029788206
165410	0.702771027174233
230273	208.19349965022036
217279	212.3563904851963
40505	196.24440806148178
174607	231.1632258528828
233298	241.5793137564417
234997	0.3882313640610073
101872	80.04443207126212
265618	126.87614392106323
264816	2.3193409396435856
156857	262.3072373264338
210789	262.42616903718
26310	259.0543552444534
177803	208.72795959084368
257285	195.54852208828507
62652	179.07609731276665
262316	179.98015765915582
98265	269.8299908152292
73676	251.52601466805072
231930	265.1072280945184
24578	0.3709937156464135
46835	226.74041673946684
276028	0.8505022404029211
49492	257.8631508742274
104149	204.83421882092208
157062	245.6793310310575
12429	175.82999999184665
101022	76.54891034755717
23057	173.63296722730087
234610	94.87118770663017
216006	250.0119205653508
264147	204.32591006194258
188036	267.23046274044884
242375	182.38397117826267
113680	16.42583737010055
243685	231.58388337488768
70838	168.15649676515494
154765	26.42231315558219
221737	254.9300999814225
45956	206.85513284181863
43445	244.63368710439093
274754	134.54855414139854
38153	205.45440708957264
42130	0.22937863344086148
113298	50.915844457063535
131797	251.6592207759821
10094	27.069660014753847
74629	201.80137082379292
273384	179.94889512594438
219845	241.91021176969556
103546	59.55516173648711
59233	262.25187489428896
111233	141.88269857915463
225624	54.63165461178629
258800	24.010557967771025
84986	51.53989042591438
32464	134.6085506547208
84658	15.088682299529289
71588	1.2867065702732459
233718	0.7437846401450803
77518	201.77835994492767
16927	0.9976015361764904
241410	222.95680731084957
133019	123.10142935794306
201197	210.3012438764611
257400	106.74460582897514
253392	62.406341078432526
108071	240.18560630459282
139546	257.0621406429675
118717	211.8563192429224
205425	234.69833926432304
281877	253.12899859996227
51382	1.2435302234280141
154572	174.63456288724564
53391	207.88832593145085
226533	229.32624450392208
44487	244.17330266738605
255701	257.15567819388525
253482	120.46016619601586
111533	47.85689108571872
142545	220.2407237133287
52506	0.740878320627913
75066	206.66267349639256
61115	251.29333433331232
235565	212.89798359608344
134052	229.88856880514558
195265	1.2002625625614765
118995	260.9290921588598
279873	235.4044588100345
221512	217.9335189215851
172926	136.41965114432463
227009	200.06734504016725
275041	231.2926956522693
8169	38.87124573291646
104762	190.93322755924095
239580	173.23693834884787
183954	164.74720724832446
33131	146.79455273957328
129015	234.69588533323935
271162	58.07523437464989
214172	257.0459879633149
196989	59.60994287060556
186686	217.35210605811665
65661	263.7402095838438
223504	242.4308085973482
43159	192.71007220698675
108786	262.6417631711875
259883	200.9790597126123
152390	240.61152985369526
101373	97.92678661702557
283788	238.17351269344823
10343	151.97422096387058
39135	236.68634173625728
137229	93.72587673110108
242934	257.48900592315437
204992	253.44891498493286
152504	183.36217702805956
125391	225.02053792307262
190311	190.13856767056686
100232	183.23325226957894
239022	223.5498328393766
111977	228.51239987513313
193831	255.64199840658614
234620	123.82475712873783
61527	173.07313741149088
285203	251.265943975901
12608	216.50264417886885
101317	105.04381093140154
158159	244.53321932351807
99310	142.4605258734994
99554	156.49316374920303
46862	172.3594269178991
211209	224.13676332507572
67881	204.2731138094542
181673	250.89910893765537
173507	94.33655941949876
15200	200.1836943801637
281459	206.36416698856374
90837	64.71168914596278
106617	198.60770778656345
183264	152.13927155315795
243630	268.0708580081027
223929	193.5398587165816
6206	201.58352971726472
285290	245.79735585150655
169071	219.50929928690618
249741	202.3901170982075
161145	217.80574620484106
139842	201.96398360695216
185786	229.3813820581229
282451	11.06043757957106
196532	132.7802745630694
24585	131.53077219673742
4927	232.34180383038267
43432	219.63488773286497
112679	69.75598597450211
158676	0.739983324058452
18314	180.29251527579453
242166	235.87650580746478
178974	261.6398646038195
89422	252.471624777557
90974	18.625990870103816
175801	37.55356688048546
112997	266.8891336796597
68373	6.417748330857638
257772	149.41468229999745
97684	235.23526242428568
161218	216.78505111853983
79291	226.07085646170523
178336	117.11525829902716
62366	200.56213536880364
263821	70.5679708074961
264484	55.170942315862014
168178	217.52696049994333
14537	253.79781223595032
778	217.56769238235165
206627	257.8303742791038
224388	20.526863948666236
262791	213.22589953668356
154488	188.6824004744141
278523	278.04280951970003
61155	103.2573974244441
195304	192.33792386860344
240492	207.5186485129009
1898	1.1431427297884298
42215	223.56194628580465
603	250.14733515867104
254753	90.18635425800841
40020	219.9769115540637
7561	68.32384682706271
18888	128.7683785918654
144543	281.88290393410807
22077	180.05168726128102
220806	80.13032454924947
155304	16.160558473821343
31123	228.96736603845656
284366	76.22972959985866
88246	0.8539939835357541
47139	213.3055359448471
258862	82.041715583735
90807	48.80712409495749
68055	200.64237648361987
98898	68.01081564211243
125288	0.8180105144725747
21058	243.85256856153012
84513	72.4840250985881
219392	211.44871222000748
36523	216.2036531362814
7856	4.7071950725993785
54842	212.91613101625026
150709	27.419240162188615
253810	221.32099249673183
26329	236.14709971728527
187574	231.33998531253823
96785	260.1032906957195
93264	190.69812861695843
216342	201.68259072764133
141823	222.0847075221869
67621	140.81168575871035
59729	268.8352090847187
64829	202.66090660807083
64321	200.21640599934304
265258	224.08990589244848
23572	199.36573682435005
143796	175.1827991726694
86515	224.2332676472245
189493	248.5145602435446
227063	156.3725973627406
24995	192.46880898879465
188407	186.8292038166248
1146	185.76609831755906
148661	151.56948834067745
234496	57.64285603632964
109626	73.79202602190178
122417	195.485766814734
263983	240.27383966077684
216245	177.89085154931738
25781	172.57722855671037
263838	84.12194814582702
249982	90.52755576565052
64121	206.00024143025053
40029	222.36613071629742
242721	267.36502903074626
281555	218.04960597526338
95731	190.4574599078279
221975	207.61075391866368
40480	199.43377647903918
135496	254.7405347618601
88843	212.13542493990042
257686	65.28670414523543
98865	39.51347258196095
266241	165.91699255058626
80220	162.6443259922848
79042	93.36542683429217
164968	223.31513458704487
77664	173.64095910204387
28116	211.28103894192665
251499	195.5415448560505
124650	246.12172274184098
159596	68.45228692369717
7674	223.43518524328667
104925	192.9971645830072
251508	228.33465047507164
154532	165.13322055430677
41757	73.53285727748762
65381	189.4198329147054
276962	188.37177169227832
57316	245.1197471572223
190853	180.86352791188042
198260	2.117915923160105
72546	124.83153518234987
195158	254.24987494522549
11600	274.5017542267797
181866	95.41521559613025
89104	179.27952460192648
81675	158.7179799786568
2650	1.2243041934659276
142277	240.90880690183607
154449	74.45230767553576
214608	186.21531115014892
91880	240.29277365534008
196175	154.57990869044156
77478	204.47951486431307
223568	272.531982731174
134671	6.195218488289663
264327	53.07569392729078
262924	0.8614797365083869
266237	185.66882699696686
263435	139.9990145675349
186214	230.41287817106843
225546	98.72307768628075
276311	251.4802029826837
265610	149.0735291618786
192175	232.72624221975852
114890	239.94699078562138
34768	217.96500530197466
279228	175.40766682745013
84722	35.494150732922705
173004	40.96228086213724
217935	230.13088520597242
72819	212.74113424069475
167883	165.77800959829972
18427	241.61300289759473
39599	106.04385726997538
23176	206.65293565119802
173396	0.3660559091785001
71179	263.54761155441514
51602	262.5573916739924
162741	262.8429971636135
268513	204.59973139726745
274080	197.85005397909444
16217	264.5253411115641
208756	263.64762398988324
220869	251.38726538762148
5470	200.59428016363816
73423	219.66036795133968
90442	121.18668712239463
277799	218.80026222669147
263736	269.6951357693751
208842	262.4679861972377
270998	52.31916177817454
155524	85.9406475658713
214634	181.29020100511255
140297	265.20985221499814
152254	101.86691104292125
217933	226.63142461411604
244550	188.16813460981763
41254	1.3759859353723667
147010	178.21216631127177
135478	5.7846361916432
133009	66.57863298881033
166672	176.29781386961682
127496	218.79555005474077
173455	52.54680689689441
63382	280.06784229633865
3829	225.8727442825788
252960	188.90229518108305
83996	206.79130558951164
201146	236.10208339183896
52372	245.11277938143536
278668	137.98297835036968
270651	70.36649875579921
106439	254.79026341957317
227400	220.91960834803666
79267	113.19761269578593
128351	221.54229733947705
202637	251.68138505653587
258057	246.90765792505292
138344	160.90765204626288
109146	166.18526345010696
147118	271.7620062132672
638	201.25519266450496
92710	203.23739093291948
98817	86.95402107913365
174485	175.15160107833836
196201	1.3559574486141226
175958	188.3991177806344
173448	18.36951325152988
37482	205.56354819286815
10048	135.2876469555079
16929	278.10164403142966
231953	229.67333228631958
158267	261.94110490108426
231278	214.42048233681055
170001	194.6480086064803
95771	201.17573546016396
105321	247.50385203990996
233144	203.173533397206
173899	234.06422018388875
24542	40.489166072449805
207647	185.3241930958121
191660	149.6534301800245
159536	212.08863945842705
165753	217.4907573062444
68758	249.72952403086828
9743	159.42987848286464
79557	81.16750199828856
112887	258.4890653241513
45540	222.46347488245198
71504	193.63760673784893
176703	276.1715475471991
35183	272.1305254137332
70600	186.13292766897064
150883	187.71234216177615
135668	233.86856826524178
106232	204.5281998686603
112038	1.3311125203954335
110875	247.9613783984049
165155	1.3529592276395657
210157	264.4435443908206
8256	124.68265356641103
268633	200.71615110928187
79038	125.041296417231
75252	268.78143371257244
253445	51.53178455623008
71604	227.20828883079142
159478	1.3616225372526858
239170	228.59215051014567
99682	51.16140825838335
233407	179.35915828378157
269623	257.14319093682695
184790	203.3418996912688
272832	199.79033253054982
159598	235.21841132511102
30506	236.9790519368931
40182	94.36259331625344
134732	247.9608414502327
180068	189.18537621858232
143027	250.69160514803835
269544	250.68398317918388
271885	225.47220822704608
56851	252.57398955007213
229253	172.97347401984288
64432	253.61823808751984
205011	252.71185813563778
104331	223.2861974293218
241721	256.8220836205157
221535	1.182501234522825
181046	92.5222999429172
10159	41.21057278597316
139044	182.6119874094276
266767	267.12397877649164
244126	193.76564469235612
34442	0.8147451540662994
257460	244.44423662240354
145995	235.00318689640108
164766	259.3946667790316
257540	1.2660916542931384
264636	162.7394828552848
195100	36.987163879336066
84060	268.83296680313254
127615	242.3114851172979
40067	75.52874098015154
118789	241.75723528155717
113787	22.802320867619837
155774	214.38104251531288
90684	122.90643255469489
37455	0.7563186208702575
103650	1.3524354592813095
217249	220.7130330995797
19067	269.99791279336455
15159	215.97286825068912
122373	80.47794000090346
226162	185.59164729910466
231215	197.76712654264622
166666	51.73646264147582
251744	226.0040774901323
73841	230.9115196791176
224798	54.21599397117001
101289	137.50994610607773
52098	231.15786648297419
150317	231.4734116440361
42729	0.8239701530819734
100469	85.27045222265099
77955	190.4332710816944
263335	256.89417238508906
162289	47.705670527405516
173062	168.88965066748955
130910	219.64095039146488
214069	217.08437513828804
258739	45.17061045028087
198825	202.48321185827172
101668	21.792569767021536
203215	1.3137232118058249
187211	0.8301199475134992
192585	245.47077894755236
72352	264.8939148966866
229315	199.3214663009773
114983	201.09079731741852
219348	189.23268710070047
14335	0.7527403667244058
80931	195.71349231826807
118695	194.5215304708092
58522	42.455392340536655
69688	84.24674515400314
264121	116.20314635022547
113248	123.10473774063895
164667	155.0023875183605
76444	224.63422908801496
154617	173.43259842308612
21044	101.40706781056144
8303	53.76239751952101
20265	147.18498274847724
97739	223.83955039086297
279756	172.85006769669366
79550	91.71986583614554
200094	200.73681686937493
84491	66.57473660888579
81561	202.37599294458215
144866	112.13078051139065
9013	223.21929229009203
113055	221.60340525914367
260954	196.434704921092
211411	194.7176632042837
109356	95.37740257822036
103887	0.8305432693529968
156646	203.40640328248654
135358	198.48301267471948
185432	201.28254675058687
200828	221.392579576628
124070	255.67855997809033
90668	17.59425100593128
74465	186.02805558317888
265878	250.9425278596042
98643	168.92136216792358
7886	49.17914056869584
177858	120.96284165691361
163617	115.95351273468059
198602	193.29010265365028
67552	239.81606189130557
78742	27.861066101559782
55018	170.54785544528949
101066	23.31274569909566
154861	60.269513292564866
135343	205.06902165330823
83532	0.8170835480531152
159	213.82045232906384
106776	201.39288273124336
117005	238.82166635664606
29454	201.00587735075268
104288	268.0557755580839
148138	55.13567147453431
225274	181.1027339833875
187284	218.9836268056452
151687	269.0785565035602
142746	191.59013227490743
163038	15.402465942140843
222293	262.57305171632714
202847	72.8874014382284
76020	265.37812050385827
228950	189.66685040397226
102365	194.92276571872148
113747	20.11993904692014
82668	53.528219622902974
132554	245.74689975738454
249065	268.88930484975043
26067	198.2034433627174
178640	158.52343077870887
278093	0.8324348188289953
132854	226.0609865552276
177691	50.041789569247754
198387	250.93393585566264
167138	1.1091853505487268
134050	185.56949213366465
145690	263.44156692427174
89024	277.4813367631843
255407	219.47931566626517
203607	200.6494083353431
222730	209.44291109284282
139461	227.62731096594408
250972	244.0584028337405
196613	207.81016729633504
150776	245.67457637526076
283696	211.1898226936914
182707	265.73561817082526
122371	193.0544158634203
12529	170.89824141093914
197222	88.23597454172358
109915	211.21407618403487
232463	154.91059307598596
185387	197.39774293926337
109208	231.38188566485775
120959	220.3948806737114
28197	0.7485499686837467
208565	101.1753400030324
126275	193.12540339136174
201802	236.5626255401236
22608	234.22891160157664
43187	253.9310695298689
5365	177.53186073274537
206954	207.78992016842722
236527	202.72350714499012
259345	161.27281822714548
203359	100.30527546697012
113296	77.06776051603983
40549	190.99872395663132
91028	3.3430205475298282
272998	234.4449788163318
173165	19.974785404520603
134570	215.00023997942367
173471	30.267186378046137
57814	235.34262163700456
42350	215.13321877127404
269326	1.206701366479557
128744	248.88440360686633
237222	226.62829037476976
226078	0.8174057531493102
35304	118.76740886701258
83254	252.47287242517942
172325	201.93629814940198
254550	142.36677023964367
138140	0.7401069282263149
55774	243.98304934132395
130036	260.8054588019935
176286	124.6441814960609
35313	239.7942786558833
17484	256.01201262229984
249976	192.49958655472702
177696	69.10372415839286
51016	260.43896898878035
74534	224.99092853416713
39736	266.5005563410249
261408	227.27345274881952
198925	172.31103638855373
212009	226.7593953405844
273967	185.660120989931
158028	236.1878757502874
37040	205.0176996566449
134653	224.22997420256976
79584	230.8267704737592
197146	30.72021552306527
81306	229.6020879041319
40178	95.0625343087583
137188	94.54506893732643
12379	155.78906227191774
182090	34.35253832471836
54667	239.56749582194533
8289	92.83090037532924
74886	181.268596308849
10225	93.85107757267302
153791	8.058880685140435
92361	0.9536505867927223
57053	257.8704736800473
186630	170.86303501801996
152542	0.7258404472325543
178966	264.7401782574321
142008	260.8654001814316
132747	246.50175249221746
263620	156.71410689520727
259086	192.41105950634204
30104	83.88771222988352
10484	26.047777025310268
19712	104.93764717821183
30083	61.44191952460842
104852	193.50681474256697
136185	211.30256259527494
146070	211.1831244234054
130494	262.67304748725695
84775	69.69721271528387
198861	235.87853821334866
89946	254.50976094383736
265387	258.95941788519355
23720	175.71742210368586
285106	203.82872688776996
55177	227.5120125111825
274112	224.96418855280803
84434	32.02289456575767
155570	9.169861459323972
204017	185.66214355609952
107154	189.9454517658629
225849	1.3941848210335088
99204	21.382087014515513
254560	205.24563204645386
20198	47.89655275706642
229481	193.17042027341503
56496	261.346011669447
122578	31.72656594768383
163432	40.23487461560977
76576	243.62630768998298
277828	186.82609145622695
177246	248.65492534920213
262603	52.458426575883195
153053	204.3632351824868
84717	101.08007157043276
3428	70.28440278954736
98262	180.35951544023968
155514	7.923187149638289
61215	52.298000307412494
116770	141.1443130162238
81198	191.9803224382256
142587	246.4132278509382
141435	278.71168682217467
53385	275.20105193805296
80653	39.1764729997279
107618	248.97341638412047
11168	272.18910573999983
27467	134.02207095762247
32560	52.897161242242454
181660	225.98240739684323
58066	221.782417016057
59152	276.7516221467691
148144	214.68272512443775
259853	187.3492482983415
23901	229.88637437429682
18115	241.1643962092914
175132	203.25779997837355
123892	242.1101613660179
242056	179.54133885444497
267655	234.695468136772
233062	180.27039463240803
239617	172.3621737521299
132377	134.9146199876314
219068	167.07822804995098
202015	184.29796223840103
153003	246.47921945948448
172985	20.011547099013807
264281	90.24186385812284
265001	95.46959826626097
121293	253.25621891188237
256709	178.3542920709554
37778	208.77201947253928
147823	188.75100781169388
229344	224.58319265991545
257895	190.72264892519826
19394	193.86493431643098
103788	223.13062476332885
120164	173.19378086489047
260894	160.15847443456747
1184	179.08101116231265
280864	212.33773388272994
156869	243.3286464183238
152125	232.05123352423595
116847	162.81616480286453
220726	237.60115369986323
124053	245.61772827080267
156702	73.62046330424577
226984	233.59778895172147
265037	68.5525972024649
99111	51.061206581913055
95024	246.43934272911972
213725	247.29573341147417
228943	189.18910253238604
237151	237.71662461912044
106998	190.09559011627604
36114	226.98994408483605
232096	0.9153448890537476
22033	153.07249296310644
138171	220.14358210770533
60277	263.7887222836249
128120	228.8652851284557
166985	213.4864845652341
100279	102.89600183920669
5517	218.7573820636663
258016	235.1751269048678
142650	174.79076058780004
266402	184.6610689378022
104543	243.9835340929929
32412	105.52526895094306
145794	194.56789300278967
213280	1.4061997963885418
121213	188.03877212313608
153437	224.79811274337874
178378	230.02127937157618
150057	224.36404879803837
182588	263.5596979669952
162434	194.55458853284654
243191	265.69429772087284
78954	74.47802213440082
139759	222.13564243871167
157480	257.6134429341843
228323	20.71719299457256
53464	225.88686257454665
73577	255.6183849480754
248594	228.7674403085549
185145	225.84302301908698
41871	103.80463998240212
151420	61.28004363808151
169739	177.32337434743778
117347	156.0027136968481
239264	240.5155156914672
28966	228.84917885005936
125879	229.16207569757788
145420	260.3954278760538
231810	210.75087498891858
116474	244.82062828609048
87679	201.2998251718141
8097	56.916645464886564
39251	236.19503604438447
145803	203.6271740306289
271042	43.426846240145814
195901	45.475617626222
47590	183.82528902698164
263445	215.83666133199398
246228	221.24977678214222
324	210.71338519350113
132086	196.80037099226422
149826	247.1850977049016
162981	53.67147960361626
95394	215.37761224566734
98949	54.040788174599506
210855	181.85280722787707
216043	263.42742112961236
95659	243.58116027334432
274561	264.3543435688596
249062	6.241050470699326
250973	174.88457952964154
26821	244.38760042072533
69552	10.863458284365977
200301	268.5139865894828
161716	246.28959523104353
47189	249.65070544790862
280134	271.60794276464713
86793	206.56313782790207
42590	214.89571055384292
141607	247.36082229630233
137470	28.48620179777083
262007	97.05229932752452
11497	188.20399686682927
255236	196.16215596162604
25024	253.08964092014256
246635	213.5020802819778
29513	201.60887966848992
274471	256.6419196499749
218324	237.950284029814
192025	124.111769070878
145152	158.11049241496954
23405	250.5874531808467
129899	198.12532047959158
120414	211.15639899108592
137181	54.41264885400491
111725	267.8916213271261
155797	180.4013381991107
18100	135.41172506676082
40978	216.60386845816046
110016	22.18906050782816
10803	25.983679349940484
238749	201.56221175802796
182544	1.1109234826383154
24114	52.18215374226767
165581	244.7434028363041
66818	83.81335428797126
217120	178.1727839089888
150148	191.51495789215187
148485	210.19512628505137
220160	220.30212364333755
65479	175.67922349066166
257258	246.86679508580644
154827	41.007517571563994
152351	239.29045389234122
101374	193.78438193951865
171834	262.52663494267756
148769	235.82733106917172
176245	108.13373235910143
258625	43.497364855985374
972	264.05591572842417
89377	252.33312920210926
236638	231.4995489933846
264990	49.78383118184743
229400	176.44700672649248
33913	209.30483030038772
131945	0.8576089758557434
148155	65.16151878958384
155547	22.5199709320908
233863	245.34103909409674
198487	274.5850795370067
1368	166.2995960973547
79433	95.37626481869869
167508	234.35342637803194
166682	67.461450959394
22458	258.84824704025675
182370	77.8054336477493
270964	151.95311134071926
4	180.3356476631629
199357	260.19959793223745
210087	142.18030978038274
213734	256.98124071363355
21759	242.10587016128065
215068	186.43849656972645
54547	232.42840038831147
159578	246.8635838760476
228261	195.07051541612924
87410	0.7124334640263871
52496	262.9855377655749
271808	205.0452261470249
147188	208.4018889993175
44625	70.43961921066634
261720	42.30569136366901
21431	149.61855602234937
205205	200.9796670678454
84233	236.66242232785012
235681	208.1690787834767
237027	196.49749374444423
58415	54.42120871293405
50270	0.841821039082727
113720	29.992137621472615
138527	187.9256892871713
165508	195.22792238230397
283522	150.68773348256656
226136	243.4029363160069
69182	229.81273942618145
124274	243.6256240364968
264522	208.4733032404289
227420	269.85758204920586
206233	214.63637948727472
151599	175.0787973289938
221438	226.2779124419945
281746	218.7358056326901
6154	250.05219757148336
122664	50.12855273324186
208440	183.52680381574208
76835	174.10764845347364
205344	220.92284964607893
133110	110.30636148539985
121438	248.4958319303749
113527	41.12016128310249
76200	196.06694113047772
215506	174.6131450495102
276118	226.56224238064777
202385	101.69864868213354
92338	114.22318305173498
114037	211.84162779408055
96098	243.82437172403903
123437	262.22728751469685
53658	207.76648432581607
219023	191.43220392479617
256977	196.3410682307554
106891	212.72752180638386
102013	0.7581129844429977
124027	222.6733303994187
98922	38.858868763526644
91441	68.55293962492185
56659	6.221980007899466
245222	80.1728203348888
194472	189.42191658693295
282184	192.23593396189443
272109	124.51095113607488
248460	272.66644811280594
228351	0.38781817672101937
253820	249.92186432800244
55560	202.53391232618492
282890	236.85518959507303
61718	150.9448554533247
7850	53.69137409795247
255408	274.5624648462392
257715	237.11184714215975
139649	179.6187774360916
181931	258.3683580487594
66083	273.2617535635623
13142	252.59625037976025
222852	174.54409855206913
196951	93.79672952625775
109275	253.97456880810296
76781	11.89329852859955
99367	56.7472182802275
130541	238.95451107537963
170705	170.6698517956777
111995	168.1035536594259
163899	0.30002284854336386
251740	254.25316189816962
26358	252.53723937032493
99068	72.26731508224879
91832	170.30597887716516
74106	202.30169004513908
87746	49.93022351685729
102570	257.6863550998073
106446	257.6385455168862
236494	214.03953063250552
153836	254.23346072119122
237060	209.17714608460446
246866	222.97709672348594
133664	94.01090145847846
65099	196.60308159685107
175918	58.78949333150191
139231	275.02138226353196
182355	262.724422183982
95479	259.94337070456845
178732	160.0388750624967
86861	203.92629954543395
200734	201.02036970199993
137074	69.06847217121212
234039	188.93516505285885
187536	5.447120450964374
99033	72.3374363797118
236753	260.9097261507354
55424	219.50291679807918
265384	220.44214780350322
238686	272.01121555750797
50615	200.8972741589161
262356	210.41258742753948
100728	132.7609111140014
163602	22.879663811017696
162991	104.47714649520408
161320	259.81228511841726
34741	263.38052277254263
198512	269.18330783039045
8730	213.55882813453846
44178	203.2247919953851
73239	1.391651923981061
238568	239.86216656882732
140351	214.08777320341648
109592	89.82520129818744
13696	250.22310516591924
169084	239.01775656755174
100862	253.80080432086723
170780	234.401922444567
219154	272.1771836882474
249840	44.20817433220906
49348	212.98096002863392
98534	204.92122053666608
52199	183.55719544475502
232626	213.57591958692788
156591	250.58881753175996
253813	223.4038840708034
257277	246.9762484964489
261811	265.16360328000945
28104	256.10294242564714
63965	202.74860714634508
266477	103.3352804872259
214777	252.8958285502462
219632	263.0490260906726
86524	88.59075388172931
281374	196.5986744198378
10253	53.25727313367229
200493	252.45031756127406
170990	0.7928996397174192
65946	229.0013539856444
254576	243.19068658518512
168105	232.90397711530088
133767	222.8475827064539
263541	223.91959451458578
236644	224.78794388697273
284731	257.86661473445514
121283	242.2532379949603
157761	1.264223745303232
272379	186.39414472886548
83265	93.31495371318753
178780	236.5198360453547
162160	259.27859660955215
233695	229.92386764977422
142502	164.5136763944168
96889	211.701429955191
137499	164.6191464421462
242606	262.89093103141573
116693	131.68388749908297
212158	234.7939798694064
275227	246.9814470696464
152421	178.23797252518878
237104	211.9948028829862
24588	51.730266779954704
207000	262.47081430513117
281823	196.02414236505157
73590	250.5936474331724
79714	66.92780671358913
231345	266.74180926311607
89786	243.3219730324745
174414	200.9516253844242
229867	194.86438929640386
199845	269.35504085420604
35459	0.9748927726637797
141491	6.113474941939352
181461	3.6491580197625963
172667	210.82956277951632
18976	25.196230067915476
196652	185.60052524167173
48193	267.4911203935992
59203	254.829436018115
212297	212.64319134976034
50217	274.1066282549219
7931	94.59841099938916
61597	263.4000673725702
262518	64.11741418566338
258829	68.1582814537909
55481	233.2141463729384
102716	57.42043156817683
11555	187.28601517752037
156260	205.23677403584216
90875	0.2896764696002694
9951	181.96359325741167
192583	159.58851438945794
168053	1.224568915284717
171595	194.9364409551805
245947	0.6963424492459767
191160	18.83040723671912
284600	0.8586038883632613
182243	110.06066710830201
49793	60.05045292418408
134003	185.17776586714024
216722	199.28097474226226
246775	168.4664829274842
77565	202.8329153069049
282561	20.314959562642933
67326	0.22894023565782484
203444	0.7424012270993828
133517	59.55551187922648
223305	197.4343567409466
280489	250.41620182066748
7845	12.295384973052176
169016	227.78268417109646
96899	157.4975786008334
70879	224.15000500456597
143132	170.9547792164518
173183	106.58696593065788
74167	215.25466072923572
160281	224.64474530554742
172682	234.1719855224307
145572	260.0321568598478
264488	130.71826519622638
208308	205.90178286391347
20639	198.9196920691764
233992	263.250102815317
187783	198.74511884808646
132164	232.0345554354331
140160	255.20470384942163
54501	175.91342548358162
251615	182.92028636579656
140169	226.6906506958581
276620	217.3691711657363
224088	63.14679322286359
33341	154.96929176783715
279517	149.35901283267896
255341	265.5733120088752
254022	209.8298778263984
263714	218.13205618193044
186713	179.1825458384289
251818	77.81174672905017
162351	111.21244475091336
166596	104.46749013847787
225693	218.06841580395823
231637	257.55931121003283
46253	211.19967974032457
109477	120.53398947920405
142110	236.0411621175391
197205	25.09789836974418
82049	231.62795600154143
112770	258.2559025027976
162961	137.64974412608098
175501	74.64030609770137
15001	197.6062485973156
113303	40.47641004311085
133500	0.31332148306963314
233108	263.4356867508573
106358	206.72586223791316
184896	178.61655728512005
243158	261.2239949186207
5057	171.86283512664696
243893	234.74285884182214
278465	262.7312999741155
128117	237.33620049873434
50191	266.90035264577733
94022	208.13824959809628
182507	254.22749649134806
265561	243.20257037867566
41415	189.91668512557743
102561	231.9151086005669
55985	194.09297718878537
210021	229.2973489180272
19840	55.79290609921971
200513	202.27883508339548
143004	196.72080517991796
189320	241.08886598868395
162233	117.87214033668742
163450	174.44280268215155
113014	209.2899849520224
14778	201.7716466811342
272221	251.9059354553961
220054	191.46078507175008
153332	191.5923708251669
80841	194.1882358269335
172210	168.27367421028995
201887	243.5184741996514
32940	137.11186743147994
276817	210.87069390048197
155554	11.416693471736016
245594	228.95270397027957
163680	70.5946422037834
144993	254.13268148056753
62062	0.7325301309363652
191599	112.37826755341806
162021	119.97698208684285
9055	246.67348749384192
193999	220.51332749037132
215804	238.6061861180761
54695	200.52708843044215
24991	259.00055975367826
240815	212.6760561480482
182971	227.88389697445805
41910	153.46452772725425
184094	102.44299030564412
85342	266.934211529861
10058	124.14354664437539
850	186.0866995268865
102555	214.23516892665307
35978	214.91069341453158
241298	243.96787713585977
155302	27.7058240254825
38361	209.27911584841235
113194	121.20321354561679
71046	212.86944327296385
159666	244.26232767669157
217316	180.2940117194544
216753	239.17256929368986
189355	159.85983347003105
162668	185.42813048685554
71968	196.34264737970176
229541	187.6783393472025
195238	150.58765517873687
209677	51.21958661826757
96894	1.23765004852824
84479	40.06393312408495
221344	267.6787879205871
139945	199.06218674645822
268382	254.6081267921716
165028	271.75365737014835
39719	180.75115276894655
44596	196.1179273832688
66469	240.001535535064
217816	256.2297465666449
91355	158.30941163342987
157562	220.2133402668891
17840	207.4372036223006
50715	233.18909268289124
159552	71.23991554431869
104999	166.18613681486787
258098	50.459151008974835
77430	166.1657428862423
135126	0.8460552282185732
52902	210.20132191244682
61283	224.75286148098158
166308	153.80025356516782
56019	220.4284218498069
168417	254.92201915367397
