105875	121.78972753937707
115258	122.55121813674666
55146	99.92243207919716
27737	74.80849884121555
136192	0.4071118118747226
116514	42.99891388769108
68510	0.7090291907057801
57615	115.1520975273398
45462	54.93106998006465
92295	45.5796541925191
68251	102.91781336415373
52124	138.16982044050323
95185	96.59326817923949
36745	4.318877352175566
96507	131.25243643033048
137753	0.15086783228895104
14335	0.3855901403911425
23225	0.632930910036811
36580	139.32487188527477
137624	47.95973046537672
87026	118.97771855024298
60903	110.5473520418575
9627	81.64114151972882
103439	114.18090919148744
76751	0.12071674682726898
41951	81.62352282668661
120566	99.19040453493552
87792	87.50440048076294
24935	91.50506163477084
126304	133.5120328633657
83751	95.40906783456958
78874	101.85821056045384
100642	0.14392503477417673
47122	127.44734861373371
84243	128.61373181197027
13269	121.41643649677827
113228	99.79167697504677
103471	104.38227281710756
99112	21.442778354321547
58295	20.948758850426543
83644	73.26813027349374
58500	23.748607893184683
53279	128.25743356342917
83131	0.11613277129236255
139641	107.20700865734672
14093	101.23095767728688
2650	0.6270812595615046
23851	125.09323975258033
22988	120.68064312627658
272	95.00797145301318
122718	91.85549379224713
69132	137.8851718108532
93143	126.49906790455867
116949	128.10946902128683
114336	100.38961642437164
33270	47.139344398588264
5499	95.38256741685784
87868	130.30161725414456
61826	74.61583254523279
38419	0.5764021050618603
56002	104.5680182051871
66280	136.47432753637065
113776	34.9754126184651
82853	106.67630598533036
30534	0.1265917760977932
74210	112.8201591220493
10551	11.782904213834275
4298	86.91200848187084
40390	28.84584421292799
52316	110.15005307368762
85024	0.15370811486194078
13205	79.95517529411643
16083	0.48510797865519567
115905	101.58192451315108
63971	120.85346243154444
26982	94.12256923149982
38621	129.14000728198323
131996	125.79168854278295
35298	90.69804456234228
85680	108.4531876963773
120506	106.36486034525123
83532	0.418544238903616
52506	0.3795174784419244
19290	108.40244981238666
36736	108.1475260952611
40809	125.11275294459459
30009	119.40934824163341
113638	18.205287857249896
108995	114.06933992685866
84973	57.933636491681945
144977	0.6506998790932154
137517	64.90262473702862
133313	61.5918465385781
47595	55.833921283618785
69685	46.60633408088487
103887	0.425436162412359
144655	125.09299896700136
102420	132.3074975579174
95386	121.73161074749198
74550	88.84902027569426
12402	58.154939577969635
137452	120.49665185170407
8251	0.1810397608759783
88168	125.86729059715704
26037	127.64253422258246
9691	54.27989727713772
96982	84.5658980885544
61891	108.69265410705808
101857	27.25493265288933
13883	95.30810000819756
96894	0.6339181396534357
36876	133.0819887335461
80492	0.114886819167193
88332	116.18234866712912
109783	9.041865105746876
99981	108.25002414638367
29943	94.80490295319414
61451	97.42928139746458
90444	15.354664106936214
61948	123.37919383197874
113084	0.5217258437029081
43885	96.5337787499622
3718	84.92320382205871
139983	107.1294549024904
62765	96.17977851327103
6100	96.79196691936595
132317	80.55480868916592
41834	123.13342703656089
142205	0.36496645243083786
60733	41.86393078294796
28113	93.85985582088871
23842	121.88475201872468
130998	141.84497795007496
88246	0.43745162963746564
131748	118.6502212498706
89434	103.69121165967388
128989	0.6002976149679164
32480	60.175153011638514
17680	97.81172064248318
13396	0.6431980771616761
143606	92.11129466886862
102886	135.33094054851676
20189	74.32143138607643
142823	97.40228092053337
58243	7.417396009915327
17574	134.7273129955068
24896	99.80561246846021
132333	70.94683296981701
72787	30.915030864000148
29154	134.2600317330655
113677	0.18150816779097328
13646	135.3615248568953
66597	67.82739281240389
125963	92.21421889639201
38005	105.05336011223206
109907	112.15434803667353
135126	0.4333849393286633
79822	36.559967136029805
40424	138.6582708255371
109945	21.42772789287561
112260	120.44427296384467
10972	62.577326792705875
102013	0.3883409015782184
18833	32.89845947602411
42330	46.581931867378366
26232	112.35281371545952
90786	8.894023165413433
39190	107.71914300890494
620	95.02936376672322
127055	0.520787056277515
40953	40.88605495699147
94400	103.26535178662567
133087	100.49351253249822
54715	120.13104073811988
25823	118.91735214540772
62194	97.82842765525083
111323	0.6268310288407324
41461	88.37814401897646
89035	139.20799843377225
52823	134.9435471064056
135563	127.45191993113181
36081	102.6095010764665
35459	0.4993657469429203
118947	122.98016892274426
32989	64.00455105906063
143295	118.18609502888876
71554	118.34910825902793
58998	0.40599938347996833
124766	126.27654569381586
133498	47.595106724394434
88786	134.38241859377658
33018	50.874193974084285
108196	110.93341258940602
59797	122.69663245922686
42588	130.30922085230023
10989	0.1840081157444667
71403	116.20839405614252
90470	6.173262465853565
4820	0.3692657017604345
6142	104.65414745223597
72304	0.7203348239651932
6571	0.4102239301073163
27495	76.99734946636826
68866	118.66105550206645
23600	100.51828750525952
111019	95.3537092005244
52163	126.03863832461313
79164	39.10465508186774
115184	133.22824569743662
89112	102.34065649524209
76590	49.813886712234115
95125	0.4148371138839765
116085	95.76469096824755
145261	119.33684209294566
53449	111.71133399233554
129701	115.73277238708926
130976	0.5713302069649034
2209	97.84722472748084
135303	117.20882694351391
37455	0.3874242285662774
94744	96.01114658590699
102056	93.62633447638164
21794	48.32400534969495
90063	98.14205110220634
87410	0.3649492416937023
70352	107.25189294711454
128867	123.11895519293455
14354	114.26186092541572
140800	113.49303026126026
84480	28.809316194072558
111564	117.32240817089038
69552	5.558391751499652
13513	87.21867939410956
26564	130.97720355162005
88503	75.22940598965768
57503	139.58905098252893
6212	91.563517063416
48797	112.17724911182813
133500	0.1605214483859027
46181	96.52196811334537
33429	25.006097211024546
24333	66.60990411760831
7491	70.34607540709202
61832	35.25211359918851
72534	102.74250091561238
8517	101.20377284854423
19258	18.541730932025274
17941	135.253196705486
116193	136.8321837598779
4529	133.91275632305334
130708	133.57979783377687
5850	95.27284524593902
140053	112.22476659493756
77685	108.53768068045106
138090	118.81251795319497
127731	97.25961809311868
137399	58.56400114437107
125288	0.41902313245044104
58370	19.967862879572728
32424	8.690854626115653
102315	108.06468247697279
20338	72.30907152953438
78381	94.24856330566936
695	109.63052328447694
1660	99.79202856771137
120375	89.32163748214359
99575	24.839812429161974
28731	85.10869631895967
80064	126.23759937023203
134261	69.5793791781939
141677	130.8072201280081
11970	93.81284203932078
9843	14.787525278117856
27600	23.31049490859372
137877	32.99405679260335
30640	16.819696771394486
1898	0.5855252339008992
21956	0.1197013500894857
33201	0.14432112965424432
24382	26.13635464466831
99819	128.6392037290623
122103	124.52191477917815
45149	104.94970413041374
83233	30.564974545074037
95605	138.78583248031637
22126	117.49873882487589
59469	116.68121059448085
10775	61.32594414646108
103311	30.50876998201961
80022	119.13866009200697
28806	92.36841761271143
99499	6.203398210700727
74819	99.74659415975526
91563	34.14023012223741
62136	99.21711562017671
67326	0.11729529864917626
71816	34.44713921576793
57410	0.3823005273534633
51911	84.44944456185979
78907	48.85152180542166
12046	116.46811159285099
90875	0.1484091225103823
85013	83.83778973981181
78388	125.20757425034485
123043	20.960186204413333
44458	134.69868073192507
10305	0.1804224862679662
144416	108.99222311409058
28821	110.93633101752893
35181	99.87811133776478
29640	110.0387211532356
19817	114.01448190146823
117314	0.12521749172952784
75443	123.77679084922153
28267	113.97168278207769
97315	79.4578676238442
95576	131.7357302560636
122947	90.81535881958868
20058	41.67575107380234
102973	27.905398418235414
111140	127.69498626828904
9729	57.3579884691652
52708	116.68721931730596
9894	60.35570042414379
109555	17.102024594674948
27549	35.75896422524186
138625	129.78831026290678
21559	114.1780172847631
101757	52.99768441605822
33398	20.52633860791447
112302	0.4840857502183598
95219	102.26052000199478
63449	103.95086785591428
122891	103.52133455304109
135904	141.21356194321788
43921	89.23226093953414
45218	101.34955362234967
15202	97.02288598242488
81119	119.7371892677727
20707	120.94047204410306
27916	0.1970491654625682
124147	103.48577490055558
93776	138.5886443435651
27612	23.42801319426067
33575	130.899228823761
98965	43.77066821060658
116713	58.71130153639022
30383	75.75113257717405
7996	74.22100053987171
54457	133.80187263665965
54104	119.9628988598679
135773	135.00040278132045
84992	83.1561973908534
62464	114.92672939463493
138257	115.79568990589597
140417	65.11348952824869
87154	108.82889463726634
13986	58.152163587979935
74719	86.2586488888784
53507	0.43331379909021095
9241	116.79437778072115
1616	91.33154065211009
97875	123.7564190403656
1849	138.68971511650145
39836	107.08629003283308
94950	92.26037749689009
138512	129.6388455753188
39439	74.1097649060407
58271	85.19551968380135
79428	0.1419937883885449
135151	107.72689689076394
46825	29.19795597780432
24688	48.88893917390296
94115	0.6256685986789056
60626	0.6204192636533725
40246	0.6771981508358111
56516	111.23645809034991
98365	102.67610989457619
11701	114.01714622438861
118023	110.55162286768622
12239	21.565026849435903
98400	105.96176439482464
137910	1.6701619767758642
111496	124.43021814973929
55863	89.77304204658117
33025	66.66441632293748
57613	107.18043076928423
48112	43.6076830347097
44291	27.18029203203007
122787	106.85420859670442
126446	118.23280071613206
55379	100.92206258695505
96554	103.55061112354306
100022	114.75546586538772
7666	20.847091680060146
25873	119.44740183636647
2420	135.42528950910452
34944	134.69070091927034
11497	96.64340692147101
72378	73.71364712560035
73377	91.02732606349316
85393	111.00744888508652
27081	142.34245461247133
49255	137.01438287453027
27594	15.417650444526519
133136	56.92420733329543
29135	85.98692887659952
1880	51.41491416308483
61416	23.262953418192403
69401	101.37613283436559
101660	0.15390944141630344
76263	79.7379163887888
85926	103.39338257703095
9787	30.124106011551888
91045	55.17244846126665
108254	129.85407336614892
76304	41.50603888123538
107325	95.94057651137581
1105	98.48041315954718
64452	88.03744594151794
104237	115.66809830411232
53694	117.01864821332059
63884	89.96630439330865
117510	112.391714803703
35670	125.87309662692701
21748	125.76238105143173
40912	122.7296031039807
59947	0.5553575284465032
79953	39.682415446079034
109542	15.130590389876192
72621	131.48000652537306
14618	105.09730547514076
129204	119.12410731348879
133608	70.36536028742098
47577	85.8894680522501
121109	132.88831685073376
7059	124.01055215897425
120616	112.05000480479899
71709	107.99840223556323
16559	119.91710495600692
124354	115.89263543204743
130540	126.57831750404702
16489	39.09697088013045
122553	107.33174431422674
58797	38.58758344922308
123534	96.35438368645151
136459	109.0384010615978
41409	28.36280119140179
51160	127.71592212392912
99516	0.18079763575574184
126896	126.36568872571253
84350	13.753768387555716
129992	123.36954131560088
24772	108.29476831032648
51956	124.74890749651266
41207	102.47574443198306
73744	107.6749093667158
118731	96.25541989675872
138140	0.37912174641391067
80702	134.5915581826021
35390	119.60241607408372
23007	99.46054210502409
83089	82.72434587236272
55167	115.30389029985221
31778	28.634811112385737
106787	94.60737007969203
87846	86.86846596861689
79307	56.41349022621092
73689	128.10209815260944
139931	118.09471112117085
137830	17.470604123825755
85101	107.66950338924866
101066	11.914604205743977
33175	42.78156966149148
137376	25.528189304605213
10808	6.3206603903474905
4844	113.44549256642762
86880	132.78370277996504
125561	134.42632493479385
124568	107.36508585774214
72095	133.4375774656569
69519	0.11925594782623847
40541	126.53952746244592
58691	0.20136499524588203
118127	2.9094304602793826
33221	47.96654489803909
4870	92.55933862123261
128919	138.81023329145208
94111	133.65001401038018
100070	114.94252513729452
26504	36.19123595794215
67278	55.009443797968174
81791	88.64160832221765
85864	103.37399051909698
54474	109.96729796602004
38110	127.83933429523898
30612	90.6582508776515
139355	77.81804432707266
42130	0.11751992896862028
67155	64.48207364648083
142323	107.58107407125607
47543	19.996259545694876
125516	116.64906776002104
145582	125.83194634055359
103440	123.1031933133575
88227	130.9190208685035
55027	83.8757049808787
82798	98.97095296326819
8179	26.212734665820093
85120	97.73142402212767
140619	117.26400660858813
53506	126.94110459649784
131929	117.95845449144873
107582	74.27741900533029
60169	106.44993825527686
134144	89.790000632552
4300	88.9440128515933
95001	113.54181505212097
88410	110.22885370256267
106050	127.75937636102631
145194	121.12461244024482
76346	111.0348748657385
262	87.27706493239813
122942	64.11354761052905
10449	96.95809732691737
22507	123.91944975475319
39654	132.96884045977768
45198	137.7063992188722
51148	123.37385162636475
32190	0.1876072295738034
124161	123.32879990295739
75956	28.771682397748577
42292	0.9070244419980664
118054	98.22106754576956
34540	111.42428284427275
112938	128.63616514750842
15261	94.32190197577701
4275	131.0646767140882
83033	123.22924446268999
133032	36.16109092193522
96069	105.9256058565141
80679	41.02414791156714
80435	110.00425968568574
82307	122.89547561088092
38191	133.9451726416309
104217	128.88615160258502
31633	107.49801710803598
138886	101.19056310652456
25719	100.03735575519158
18965	131.16985082800088
92484	69.99801688210627
133455	69.823115679614
29514	98.62918363671399
109908	101.32721208227623
10140	7.663618082124354
56812	106.87366678741829
17098	120.0244389866149
75892	26.46003360182111
135314	110.41956192019883
141102	134.2223332882522
143243	97.02420783113999
64051	92.55356563897702
144529	93.3873556410421
32534	107.67588268681709
65194	95.98982851025954
75874	104.5600219743591
81551	133.62299429183193
41001	127.25574400196525
67058	89.61064346709804
18846	37.102032984829144
124349	124.49295357851545
122886	0.1525455294393455
10819	5.6515885611664975
107903	95.37769411014007
18100	68.94147778374624
22202	44.07036840206868
9367	125.10442065048981
113404	61.00431985820424
39828	129.86880904145136
33227	15.078425192184465
21920	114.26773256096311
111359	117.30589312305412
141771	135.31673334056123
66328	120.93422862874729
115462	93.95209607998945
92078	119.35807141180682
54405	134.26836229747144
30565	110.41620999499442
98520	117.34001748768667
130570	127.82933660474866
143019	0.35879821835610093
101697	25.941150497081328
120585	114.45129033552274
145640	107.2198909799108
66029	96.27449198729292
830	112.28731714274804
139946	122.01781886657524
29028	116.05768792558071
43815	87.8481801525166
116505	51.90738421061026
33892	94.02235715938986
35432	98.04080006764549
102935	111.74914734272595
73444	96.05149502040808
10474	25.777648508640286
73906	86.93819853649215
115788	135.06679711379874
9759	61.66539815790353
47043	117.7652967937201
101612	45.12382862320435
62880	92.49992384274753
40724	123.48433094044783
76485	54.77266599118742
116606	7.955684621850728
48340	110.83915881211483
112038	0.6817812954350629
32521	61.57730572195057
13826	116.03508187765215
1716	122.46345072613488
117133	94.69404168690721
115777	106.57987148323507
56312	0.44782336838111053
25057	128.16153070671655
71587	119.17212124152677
49723	134.02916207238005
62283	96.99564293061245
84723	112.90720749297381
112636	135.42469144210781
32801	21.6837338739672
64951	109.47668053171707
44673	12.100905121611799
99275	30.552433103185084
82321	10.66103315505896
57606	100.9142646223019
103374	124.44930162642548
30297	84.4604498006057
7661	108.4791726777154
99822	25.48079406568348
20049	65.44510990833253
40784	12.660941210755118
132486	126.62097910658574
27958	13.270332012577564
80439	113.26633736011101
39391	111.79889867531159
132715	135.77144335415502
31691	27.581162721537527
50421	124.25939024807087
87011	123.37710854176737
110011	11.18159802794249
88771	107.4555604067744
16927	0.5109959627402552
140844	136.99394765304143
70783	131.74766209122004
3642	21.89613399094239
91475	49.16078278654111
125149	110.23100119948973
144744	137.70454252315827
132248	84.70641538380048
32841	26.813208714052934
109956	51.402601317369225
60607	118.67673281589641
6170	93.34697032924309
134722	104.24702789708542
45382	0.42797047333864124
28790	139.22107819548276
113576	8.291028539671736
48392	50.67781612400257
79859	85.32088625023738
65959	102.15738326147725
131678	0.6213152544789123
29559	87.91104273758431
70841	115.71998825507978
5523	126.74337582843133
126384	111.22534479199965
128245	0.5547807348849765
57399	122.66250180168005
27718	42.160471566823496
120970	121.63490486057574
58183	89.83638913650104
72016	98.81205181518985
92024	137.51017182148524
72933	93.43530449785278
116963	58.6177068177891
46388	106.68046386776845
6331	117.59948392652693
33021	91.76070522735608
100652	39.36888767300322
133194	67.9739405555135
113864	109.65155009405963
30264	79.6285691775373
85156	1.8827556515208153
30091	80.36048327292588
42113	110.41547713750204
24926	87.8609628761487
90412	12.811775620373036
116864	29.691359087749763
43900	120.87948606422599
38982	112.14956302639425
34442	0.41734697342600907
91961	114.69057039840919
71597	132.57032418024932
90232	103.21666638276996
53433	135.2164339978482
59595	120.2141585292855
50627	50.04959236352709
77554	116.75531818189336
99451	39.02864547299399
32689	21.044866032894777
60076	100.9376472123215
9976	30.894667876348908
139879	122.42702854849279
16985	137.08555622348987
26262	119.23004841106608
31170	110.6863618660211
71873	124.79328044277509
48919	124.88015464538992
1407	108.44426242021164
98016	120.10740861904293
33362	110.5977929868588
57159	115.50621111418259
7525	24.646190872626107
117535	26.67550538949606
134069	123.32387822052709
99263	86.21591046760022
31597	126.49754278462008
107143	91.38378583560977
8088	8.539515191703247
51975	23.030418203056378
139130	115.74630314860899
105371	96.70637976932142
111408	131.92441274728452
100636	48.57868092530826
81954	92.6262275378882
117005	121.85218704670783
18222	135.9543610032854
1083	100.68070970476637
60982	134.94299565068252
80060	113.47981663844105
116141	97.77547995414868
58469	28.35651519048519
23921	0.6860456795029819
118757	112.56350676723801
9889	68.23841292898418
1004	104.00592946533493
143318	138.6200466405164
1710	81.50878360383882
33705	127.53309472223765
29115	97.55878073349434
23008	104.32004848359836
31957	34.75294277111922
8377	14.625433425362415
109429	127.14654676792787
33571	104.8818669283072
41333	43.95833354027764
68726	99.65932899577693
61335	49.66949987761648
62309	116.90403174886279
41254	0.7047597335421315
99314	117.09648959202876
113279	94.12528072975074
27488	73.48900447984067
128871	116.39621038789696
144927	131.67707771144603
8353	79.28114644947524
114878	0.41562964329575197
44755	41.29863959881272
64903	86.01404432784283
66118	95.52325246327902
14342	106.75822857754923
120003	86.20936096307555
122912	47.2641352528113
121482	120.54353704887362
133091	15.681919231893984
3002	30.477040230919634
24129	26.356520656840594
45933	125.96226120745482
133871	68.05247621495549
104239	100.28970471014283
109777	103.69758190534013
44342	119.25648432871682
13590	68.9797346791841
137479	55.773028503411965
16006	115.07813183317057
34361	98.33965662430207
27962	85.65137247956103
118524	123.36772960210868
143886	91.4476687965717
39677	50.822337465636664
17633	93.5271903823572
136944	26.65134530309295
137281	10.972611228184675
109776	39.43610623055153
110976	90.90611140412119
31782	5.629607179486656
98904	55.09586934311028
114197	96.51248930847441
23299	121.25667842797998
46099	121.42463066302922
94959	100.17353245684751
40748	115.94671986423776
31299	95.65816215279509
134404	125.44509527279344
27380	121.13528314969776
58341	18.205015743773192
49054	130.05359593677693
92142	56.98749359338822
2877	113.76434906908536
88657	110.54707382246389
69603	67.12979227541327
84960	123.62289140512415
113352	29.926555734608034
7688	55.011093310654864
24701	61.258661461794375
142106	26.838221370490622
90710	112.12000686023401
42564	138.3915356344603
4276	85.80707149950891
117775	0.43012970471824746
51834	31.69463490028591
71588	0.659031673019826
115269	76.70052263978306
65083	127.30837373969935
39193	128.7961515398073
112544	78.45356957031044
78147	137.00321471587623
26840	110.13749244367051
116128	104.49666265969877
125741	119.08320880822083
78608	100.33909782394025
2221	116.94248751120925
32654	12.826816304284078
16504	109.81746978607298
120733	116.36551735756925
20586	22.883200957682767
105374	80.43064361736698
127821	83.17049721681148
142459	118.71544133087161
140757	106.34513176619267
84191	135.92165451637496
23280	117.96965554437045
44793	110.87128166762335
93403	126.43647550252662
20495	123.02321259424211
40684	105.31093053583452
43559	141.55613482082023
121278	126.03818673104895
128539	38.718008438694575
126271	55.21777645282773
24244	18.57450015863006
86392	0.6487923605861863
14121	0.7156340590114723
74575	90.87494388174382
14632	103.08263384545131
84214	129.79101555339403
81025	84.50811849336576
124451	64.89227876929306
27727	19.878551793223675
98240	121.82581273048748
120041	110.38579151132816
102074	94.46912716118146
4164	100.17026139927766
65885	88.41258720770216
21050	130.45227653228903
74446	109.04145105323488
5911	106.72571010624128
119053	93.49719941224164
33465	104.51193402334023
87134	115.5233209725935
2963	32.00020201889111
31585	126.06806025595688
99110	50.61483104851269
116592	111.46287314485517
64555	132.5456529778883
94291	83.42911882081656
142743	99.43343497443799
6502	133.46967611254573
126581	136.628078646595
24326	34.96725828837312
85095	40.60136539299568
14224	129.39702501959118
103171	11.789494048523238
135736	127.0675370363952
75647	116.14066514163011
80504	115.25954374213457
93664	78.97091995818347
21166	79.99638199929949
127574	122.34431136121647
97097	116.69694829380155
121664	109.71944261598178
68772	44.73687667052409
10615	39.663426743670215
18022	117.89017092890901
56462	134.37445054050545
79550	46.82279155187231
31172	108.13517187064699
128889	67.40641171710406
4550	87.367622920112
19048	21.784522813345376
73910	90.41522124868145
16531	135.1892868605399
118702	132.61761256958204
40995	110.86908220429513
42729	0.42207264823518403
16872	135.77493725523476
59187	119.3780066588019
66866	75.26754722075817
122889	100.38601548881927
64954	98.76586231945802
22441	95.35717733568586
23381	131.67336994426194
27025	126.3016287802611
103563	38.676673051255094
91012	10.944873222705287
2590	131.4195930995794
113438	24.502131563283136
101745	49.24338469870261
28197	0.3834457888527916
2401	45.12721868371539
116035	86.66246653942972
86083	105.01679227005089
109372	11.295137422555698
41789	125.87993219713124
7734	24.413854450696814
110600	131.26278887722475
18167	0.6369425456066852
119279	101.69736005073247
87195	0.7188330482969939
134434	119.05703603030058
117077	24.52754714512978
12557	24.00514771662557
123839	137.5523476068852
27683	14.014291267281243
50807	122.07818226048943
31640	136.16731300649693
101196	113.07157849773272
111060	111.539087136233
33187	63.795394213477884
26935	96.64679217933407
74361	97.74013403301355
140213	54.758029100417055
13123	129.38526284984331
53283	103.41672837997946
4424	96.43363631134709
141628	137.3512795553727
129372	93.32933289700436
126822	114.6240413107561
47392	97.72726709988859
83530	140.11770607958962
33238	59.74284011009015
84507	50.35754902637086
133954	116.22534284366432
75188	136.69558238987753
18498	111.43791392558317
142336	133.51905549819344
44066	127.90090707201021
67509	0.9000334670069794
140675	105.41757337805191
83678	121.80729060538296
95446	120.63204573862174
20946	114.62583143389472
87177	125.10754957793291
105063	102.73086707240527
139237	135.43200897636066
109682	104.09388071215608
100888	40.709254477424125
55727	92.13299124495876
72594	119.1340103432426
126708	43.05577614580058
70131	92.69378703138874
61008	23.658125381887597
88935	114.70929622625616
76480	110.98776580215018
109744	53.18566622170924
70647	0.3765729994481155
54173	99.76447532755186
44506	136.3571049453604
23531	130.57275994359898
90511	30.751586549424868
109858	15.427005335087292
11271	129.32366860390698
118578	124.23204609413735
103182	52.392839634925295
115983	108.39930069359185
145235	126.70582538739079
19620	111.55767173311266
111922	141.18435127596453
107203	85.778835716152
128799	108.878395818445
29980	74.8872316087886
62651	105.66273179888817
10327	23.8903478246886
4272	110.88330411565218
4201	97.9836485623216
95234	131.96264265745754
16343	110.3107989560379
37499	136.0668028202918
131838	85.27462082039551
111069	108.18647380524271
102812	84.36144943134715
63334	101.8975755912409
144753	99.59607478746149
44571	140.9132198137538
110462	129.8572289416774
125834	108.0882006111091
10964	63.45049213433224
26630	0.3803981497971755
67311	22.17620770875881
104339	130.5995288951181
129623	130.499856592621
81802	92.18016770456038
7101	126.34844538959331
137097	11.158112089761344
79209	56.74713584632089
6286	134.48349217395875
4552	103.2758196040053
106061	138.79988978025779
90926	37.65189847184007
38451	116.75210906107372
133979	125.06437826982828
112796	144.07228126491083
13912	110.29427706300342
143258	122.9458225528453
75844	94.71120434157685
25083	92.96256177470089
5050	111.66310038986566
49704	100.92187314833308
90897	48.08943520501347
73208	46.02115935291171
109903	51.39712172006756
130075	116.10686880510386
137102	25.76409300656346
74296	92.35775481695725
108326	133.65565938018648
123060	28.814672707609798
51696	44.53276054013378
19732	129.62448168531552
128376	114.41465123014072
52936	111.22626043288545
47593	115.49798422315862
40830	128.3951136259252
101341	98.44903641299385
16570	118.77512335043147
134524	69.8837846702183
97115	122.37957394965642
10737	7.413703506186178
8118	6.771811989631275
122114	109.49888874840987
105772	101.73329859356535
47759	68.85830889005294
92849	132.42377330441295
6437	94.45624843666315
117361	32.16413182218075
33826	96.8314522302745
30342	19.507366563692155
80330	27.410376635041633
93188	119.69239544042242
113691	35.488688505592
140798	100.13931916111999
80123	97.50103419996944
88641	128.41031471538673
104595	88.96663804724169
97741	94.62669607745686
98225	125.99127159899696
20360	56.65402422269362
101835	66.7620644799847
46210	126.96685169623069
48980	77.90999833810726
2948	118.44325425601066
18558	20.261985163769854
123947	115.0345044340263
78991	44.93262886274039
48678	0.5476840505357564
143515	129.73762419943952
143857	107.4090831127825
98802	12.316704005623075
40797	121.77673454984973
133342	49.394126411504715
47014	126.45468389176736
107340	110.05376774504661
45637	132.54200804152075
101593	109.8598005643645
126154	106.52574154848006
133621	42.23350342764533
138468	105.84055246129152
55675	120.71006606142979
97601	0.6975244568908958
102745	37.18601886756437
115921	120.79207306344897
90260	90.67476153236969
118611	83.0973445855346
142306	100.31354708092518
77920	100.97338964996293
91171	107.74543477866828
116733	124.96842937074094
90062	42.53195040063334
88011	115.2746871481395
105780	106.18386119334296
119286	121.20174678129533
54520	139.00156189033882
30247	99.24736536348053
109265	0.513140610528872
93546	131.83236251314082
85707	105.76755160974272
106387	93.17409169684991
76501	112.80463237288347
91644	25.399796282499395
25046	128.30397549575426
130707	87.32161598028772
24220	18.68513965082904
28783	106.29115760285033
22136	0.922862644823883
29914	110.83152422529399
25743	111.8537189047234
22004	20.03151892711723
5938	111.3756158523601
40272	63.373006211886754
115484	106.90457898799741
75043	117.8095358723267
52503	134.26509817423872
11306	0.4239086250899845
12396	0.6140627189540168
21490	94.50225362141367
89187	120.58441966658424
123135	99.90749810460721
84431	27.039982931495384
521	104.54707212159072
99011	10.220644971431684
145032	107.68917812253855
106194	117.28506670776098
30387	51.25577378586896
106135	115.82928997863232
109001	136.7571093125589
91329	16.897210515498926
30412	25.688603855627
132570	127.43516105757853
96972	129.18077521393784
78340	94.24919921193002
67645	110.67416216731442
94177	97.60105812595238
560	122.21273335509403
102360	103.03343039607279
99230	56.803211484832644
94050	134.61823572449126
110364	81.94637211246588
135172	112.23091441902075
124627	132.24091143239693
68794	139.99137285504176
108457	0.477841643521112
43255	139.02289238129794
121431	0.38367287660348337
15863	105.48931070399257
102052	92.12160210623546
97905	132.84867973343285
91641	121.29128602093115
79181	84.77253493158886
61090	48.66571602719546
3412	119.42315389694328
55640	138.04175173812482
2607	108.33370113839197
22221	132.74939021876753
141154	124.01615332348021
46009	133.55728141780878
44852	128.10485727405907
117918	100.80620456562184
14279	120.98739553445888
66754	58.36492102114762
6906	104.53427365249358
105733	90.388254095842
94466	127.77759012310986
127241	124.0118708518068
60436	127.4075705258696
127800	98.21600925822821
101442	75.3466042991033
1824	117.38387488302362
46984	107.4952047114606
50270	0.4312176104823289
62349	117.69873074824993
6686	99.59975479105044
43329	2.7647725616495276
85708	118.21135543289103
100818	1.5764601351500551
77962	105.6549510951126
98879	95.51778694991597
62062	0.37524093875030345
99843	120.53011825082562
13262	67.13004711655381
132960	13.523847362823211
105764	109.958562601774
76241	125.9930785532997
40743	108.48292839912052
106389	114.92792299915206
100561	87.45949646965583
41476	128.8620531731433
105817	132.41737919141957
104162	126.24049666628594
7935	10.21114411032314
140199	132.44624861646165
102760	92.84651458544334
115125	131.59483688570563
113358	32.314906061119075
11832	108.70577496585517
75297	112.64596072871964
144989	97.99463830663933
75750	88.05019739787596
108905	55.18346934918604
122748	32.96870962337176
116488	51.91918693074469
114359	134.33973785380874
48629	109.69446269934312
27926	79.63058479121256
119782	96.31089238041494
16247	86.13151607870441
88107	108.15595586310972
101529	91.79106386691656
39978	117.91127216222505
31378	117.18319808123755
63083	126.81444725298944
35840	120.33973201911778
133202	11.335808481472874
42945	125.29675941692469
6976	124.35330029709147
142486	87.91361823815701
45468	132.29040173579878
114662	120.27281766348696
5539	126.63669435780545
103650	0.6927077086416836
62850	108.61306177851725
47018	36.78261158311189
69405	120.83721268561162
93567	134.17251279533912
99630	83.12557355083175
107552	59.37067981444865
87498	119.05287581752843
127310	0.3657342018041622
26885	126.45347436920216
91984	116.08998261772986
121343	102.34024454379168
106335	104.45395163808587
110438	16.376414171726342
21537	88.74737261311927
22061	105.64022332680196
10007	6.864738870099928
69158	86.65098776215157
84753	44.18056698195946
112267	116.93253288128987
95164	111.66252594848616
81837	129.038696711803
72017	52.063246107819225
130856	68.93845656714439
130601	119.05525079802953
86084	119.05374957752709
29976	80.57901398647763
21208	68.25039233536944
132995	26.496433576387528
9667	41.214784375238246
7856	2.411871425991398
126433	135.81152765501224
69887	87.77543406108062
29029	128.01419945224558
79879	37.48273132449656
109714	96.57359136786175
112502	118.32736111986763
47621	127.03979375981258
84823	109.69559106032763
43728	119.38330731528109
41867	122.7828301969905
83238	36.95031625940268
15377	124.36719004321587
75824	105.54282147182832
103835	132.03643628740483
29447	95.98572138739368
48640	106.83555201301779
21832	29.129868519593085
43679	117.65668694914186
33912	108.59890875499049
144335	130.35760100704172
47004	135.21802284890018
118882	126.15685963571332
94370	103.96483326817327
69487	129.85505298173481
24965	107.03863506062667
23064	129.92541206059875
117079	63.778751124388336
42990	96.78527207049068
17184	0.4474521615304953
39465	107.12598758812196
90480	121.7050751320957
85102	100.56912284504365
109446	39.91505746460649
5394	113.1473168171116
91399	95.97303669397276
83409	135.43867250035933
12681	118.01096602852873
84562	71.32210312975997
82559	113.02820897997499
124718	84.14830302006179
58492	36.93989912726386
69141	19.140993468628906
4895	134.2803967694256
30062	98.14086079279076
107774	139.1518075003631
132957	15.048052786905073
32555	29.484804347808222
26870	121.84468544588962
12639	126.99822883737741
27773	26.01428638948839
4623	93.31468734407852
87654	84.6270533131136
94278	107.35091276886524
117004	114.34617719326128
103920	87.11019631471736
101390	29.083430161843083
3761	133.67679041484135
130148	100.52474876966221
80236	65.11853884368767
31389	105.15206862119054
32325	58.22256585740031
73705	103.05581793731112
128464	71.26807638996897
110346	61.01925408009431
115545	115.82219038519762
17822	122.60084274594386
45345	117.33618103101132
40359	121.59833531980466
11147	107.41894880894779
119556	113.24812364201627
65536	84.54757325263704
67883	125.24904969310327
118584	135.37325532309185
13027	124.44198571891157
109515	100.47217166260981
79453	65.63880828445495
34837	139.15023035822387
92785	85.98626143765628
23989	50.22356895212733
140049	105.4015594446204
126218	0.4824451044146826
8145	66.8746001123958
109941	21.223690938823534
81921	94.94318818866977
16322	136.30411777064904
81977	102.33669094565934
137171	10.502396273430339
139819	117.5989084380749
104878	115.13438636900807
143046	110.38404335196446
143087	114.93125719432786
101393	17.834085929712927
47603	85.07754530425754
101355	61.42441319772794
97991	130.87900878269338
4660	118.97220894031892
35411	93.63133691761507
37220	61.95122810767909
28214	112.48871189680727
75712	98.94351132564825
123939	126.43262677142759
46179	111.48402403123144
86402	133.48692853321464
47582	108.24268491973403
50149	132.35295871756222
69238	72.80819662202693
7526	29.433821156307836
100314	17.91585491912807
92116	115.87936409636343
130341	89.52368278028258
89068	131.05912694029965
18911	133.5855237183628
88920	120.04026935453732
98789	36.26115899307239
106630	118.77518304945558
134250	103.75462154734376
137633	39.95378298156079
132934	67.87107320973472
45968	103.36883010969382
13309	127.72492003419178
66425	86.52653290824252
64722	102.49074790859736
80220	82.93164942347408
43749	108.89056974234727
119167	115.08880466012131
134751	136.4236378590214
130321	98.06336389315048
50718	79.41560412875232
138647	109.96286254337909
4280	87.29523879165508
27759	30.659487413183736
121861	100.77847890256338
102155	121.26145056002393
24578	0.19006185746144774
140254	116.38248776860966
128912	77.20872568922647
52417	49.58574154910193
3710	129.4025768918208
80451	64.89446792306191
140706	43.45258451871466
134273	104.5767725948221
14941	135.9581225620056
133289	55.664103690210716
32172	120.57110525934404
85267	102.86249683993513
11943	138.3508564148665
79574	84.82729525314083
140919	127.3651258034112
103845	105.14795784180077
133699	57.45629401346476
32397	111.8320797259803
121415	107.41342915003162
51301	42.37702007218215
109573	17.363193214449048
138712	103.07399867223299
25240	95.18005204498141
78047	105.3748595220218
26287	92.78416635396046
130283	119.30473939956717
30102	99.75294268934144
10717	52.00847919743995
76086	96.50133745446831
45154	124.70342943957435
60703	122.39903666186427
60291	119.03321601819782
67769	129.23120880654199
61422	117.36502258248406
77068	87.27606068023731
33432	89.53195776340922
55142	93.14151096813102
3717	132.77365026230558
116272	135.5512655319208
66143	118.81303431534637
73590	128.1101940083095
100154	11.749353668805544
90878	39.548892149656936
2389	119.92939849173204
84207	95.17583898724838
82932	78.42611939075343
108893	136.0354404550136
99008	98.62317367926353
36804	125.75743509187328
43167	95.21913250691705
45573	132.6412790434088
7711	19.575287657114757
134671	3.171191414303035
79843	48.24690716843278
23919	92.75545731417351
78005	111.03890256715353
89669	99.51374816298801
77519	127.92453029181286
80438	30.330647116152903
44475	139.047667081478
100667	126.1554107111349
8308	25.69994805395219
43598	115.49307081047495
47549	55.257977854574264
100983	117.95655489289882
40085	93.65572718148404
18549	96.39698112655071
10395	78.00255739208538
54502	107.04810494040395
35707	130.76791594729536
117315	104.41692107602614
37973	114.63872178239409
118723	94.43009404062373
134154	22.784998603298565
137136	26.65655469807493
142246	103.96877717709621
85798	113.6477317663893
143148	126.79949545450698
20858	61.24482408151586
92111	0.7556341670783431
113163	128.35408093227753
12265	122.06065137481168
30083	31.346324702932034
69372	58.77307580435665
102016	127.48824186323984
73012	27.256940994363624
36616	128.4652036211976
74389	110.02595318233894
2515	2.5589434654903065
119937	116.22430228532058
8471	88.03376171207721
68519	64.10403653573509
117385	109.0752580621627
20237	36.29344038953035
12007	118.71154336881607
120354	125.33935846971406
44389	0.6214386519632425
68660	99.47572064859655
58666	67.4554521890881
8252	72.46410909709255
8316	31.332911948527475
58123	113.11865249849608
66495	125.2448999176804
134127	121.97741534547804
94030	57.950007594095226
137159	67.78328237561692
144833	25.069358740331015
29538	102.09137373171446
9609	38.749416761144815
108915	82.6052707220157
135792	109.4526578398504
5840	116.27934230325862
22319	135.03280911305197
7608	9.521797875644321
104049	87.61071330336098
34756	2.791419800700619
145218	31.705600834081658
10479	30.45034979975688
13118	41.469242588839414
101330	97.23639833115568
8410	32.74908824533715
111189	115.91725831608915
51993	97.36220018139868
125306	120.47518327050662
137261	73.53063819501472
111912	60.40738031454531
120316	91.56231393611111
137610	71.50838361376832
7848	95.88927425492375
35211	54.08104854862925
95712	127.97857773395083
132969	43.48157074704865
44985	64.23521465330508
137660	8.82325872582334
113224	111.21454024233853
132962	10.603505780032107
56500	105.15027766978886
76450	89.91300746748122
137833	40.99955445631457
23782	93.36377465268386
133116	114.47776752060611
75952	25.46184654079366
100422	15.869753172400003
78052	95.33954930136568
92303	116.34899139035127
25203	97.48799713946542
92062	47.70658142675475
75021	119.7674442541951
127450	89.28131311754707
91028	1.7117070885788706
46864	122.2161172134159
38002	90.67996405568518
76901	112.65765701576186
65530	117.8121517057612
106438	129.29377707355488
61338	51.97134227509823
58625	50.75514923082225
81223	86.40060378820877
143436	137.43211136512215
129740	123.61360789713609
104740	102.74869600629621
69547	48.984445862934706
59114	62.39561665658783
86020	110.47898375423287
126625	78.49382616497265
42491	104.88108479482553
69916	102.10652151412589
111787	81.20726322949281
137655	15.953519290212268
52921	125.77662353832945
132325	95.76217901752277
56131	139.58289255448327
37952	92.32001373160386
3672	96.91945792751514
3655	3.928802980739464
66481	102.85840650067404
136236	136.27078999294633
20159	64.75990222604526
98278	126.92876909571069
86510	89.35596191956769
31731	66.22375989260357
112214	139.23306668643457
86027	113.29072025380638
91881	120.70201912725845
16323	111.9813985671673
134834	0.678734291767622
39337	107.25868320733304
133931	129.6132646526521
103026	138.77870430906492
125969	40.38482428065109
108852	131.22640436457306
26909	132.6636675387717
356	123.46955986776746
131450	46.22168037629183
90544	67.51725709497256
90760	46.58162836517151
136806	90.4369332558502
18260	23.850825156706797
100877	44.75628671582949
68166	110.24119193481744
137564	62.25684767286136
24055	28.060506515782542
47686	0.6339005180748467
115172	2.78870872047651
113846	24.589327208437126
51254	116.81748688326711
29471	86.29633611727733
31853	20.989497422910173
144485	114.3091166798557
78198	110.75957229056867
130859	116.85354480687481
18516	119.38470647235609
14954	140.09180349671325
33015	46.99851852689819
63345	136.05887732083917
135671	119.83153209438687
132968	19.215739064992157
104850	103.78667102353006
72905	52.035667183132965
74307	112.36593119082559
60079	133.25543868711443
136711	124.45224012305819
111899	90.22278971888178
102138	105.48213460174138
50782	121.82323138122756
79147	82.18379067801465
63088	90.94374878830556
112917	132.2306880573996
2039	125.73046727393204
27561	78.53559268512365
48267	111.09443453111479
15671	133.45767278213913
60292	118.65493289697896
7506	17.384617403672564
75854	96.12016454784501
18513	80.88216418390748
80594	125.26982932589291
27423	11.825859498889903
27522	30.75507771963802
7313	119.06699804278652
133568	59.15974552220102
70551	127.34800814393009
68479	122.47098898913526
58330	31.223856824249115
55373	87.87641527763033
24397	64.58139260379588
65581	96.04076092565579
122754	105.11590461854694
113772	38.56072603305273
19488	113.76420165291275
103400	21.767670851964407
7825	19.089341736775967
110369	14.997094736365074
28273	127.32459160522724
13159	123.4625495994701
96698	117.40707058185099
143880	21.941647619402552
116608	111.7380071377983
138523	110.16555585732647
91083	8.525070533404275
14248	97.55946351482763
1822	24.37977788714054
55866	128.46742774367883
7735	13.869097522520342
132122	130.10144046827932
90069	27.550649196289342
30380	18.120304434766943
130073	120.104397463253
66091	91.81413915395437
137551	18.228277808521213
114068	94.74661817074956
1471	87.24724824550265
101482	29.69438871847038
91286	0.6779045955458683
90675	109.99092702104835
11039	10.703135155105562
65728	115.3900047084491
3573	30.36540293867916
111170	64.41799092404476
137078	9.931281034997681
27134	104.20378161759217
1015	134.27824122282794
74373	82.94634970212296
127196	136.6753972235102
99107	120.32023142586954
26688	110.44638054025971
63721	117.02707277470378
43645	131.13689213409424
15148	126.99614628354394
134930	136.4747776693833
134867	36.432338180386886
99643	17.96768168903791
30099	86.85157408277172
117096	9.877992478179605
47263	21.344610163234016
49225	59.7169765633733
140927	128.07157110876528
1013	112.0917324976132
132454	130.281604640321
52524	120.5736207301054
134121	57.065691850153996
70553	97.46028536844567
60799	49.34184082362826
99538	11.966630217645392
121740	124.33296599459743
81706	122.84012894209295
124549	99.56794229612329
77552	93.442518228806
108714	63.05421253915441
4677	122.61007377400813
91073	111.75509042571134
35434	100.15064001936032
129681	108.04774686385804
2855	82.67157725073777
83599	141.59526914461276
20922	109.71302903085049
86303	52.23100821844093
145248	11.11411815386257
73141	125.9520870955584
108426	136.91061786564512
100706	81.75743555296397
24213	32.11568005024655
97119	112.55709549833425
53444	95.24026658024206
143552	121.87143695364257
19765	2.4761066609202427
75802	107.49814388540555
31860	87.04475031870717
135682	128.5359134212498
142637	119.23068664813896
72154	95.5657751450815
14435	88.93927324940854
137028	7.155226358195903
25414	91.06500429348432
97748	129.55404764460678
90424	87.35827609016216
54136	81.10496509444496
17798	134.90882886106124
120597	121.44236680489213
130089	121.17233194742494
38668	118.90381133862975
50991	87.9181719049644
70483	127.08499365324937
135026	120.69697252926566
96102	85.49925024164168
8279	94.13760409810622
18241	139.56879674404885
54853	103.12391947707312
75593	103.37817840744236
25772	95.18468943852368
41399	119.5547431516408
49607	71.04468383842321
67798	114.86879058433922
65496	114.22178823316587
43226	134.07585082056198
134848	137.797360935539
47900	53.140253547920146
63746	107.43797763311846
6746	123.56679413148261
69424	31.577776096813803
99950	19.37332120187406
122578	16.201704698900542
80738	124.34952721258517
112482	103.5957658880729
61006	107.02840880200222
12598	116.0322231424099
26164	113.97771425472628
93159	137.1464839412672
7923	28.97367999540364
58701	37.45751649760782
137798	47.384402985900515
92609	94.45718833967592
115995	97.25158015716963
5740	103.41619423189323
122953	35.63597806462073
109481	10.415440121736445
142891	112.65379510198443
79053	102.6821275652534
102306	97.84549538189582
73239	0.712780590402646
51529	104.6117981883167
140640	101.48459681379362
72485	130.14144549878583
105967	111.19151015139283
106607	90.00927233719769
132608	135.9389960102393
78759	117.08337510374446
22084	121.00437265844684
101534	10.019898667088471
27720	85.80977402552155
65336	132.98841528459542
42141	129.88367509927886
141256	134.65996920408347
144038	101.65387661513273
96578	117.33514188410287
111031	88.04623966783733
90157	28.900604396639874
46787	42.018273753243236
43136	103.89057254976449
84301	64.25311642008825
36743	114.61936035538272
56090	90.48456647348674
122123	87.22324070216307
134933	122.42578836290718
65630	98.62905069059995
111274	139.62856635405066
8395	39.69120197117288
31599	103.96557935395866
72474	128.4175138639807
22373	133.45086265679979
126561	126.54569767565921
137589	14.220265357661424
116229	99.70663684858563
94325	83.69706781991219
7827	61.404748383883074
14185	104.52018437588747
113694	25.143513768257662
3792	0.802892712715498
89273	113.94768791416305
59147	125.4058889323912
29686	106.57765205016747
1419	118.32206231268162
3688	119.31979396261998
126664	139.52448951520432
64513	116.42401755072041
56714	136.41855430056344
46544	23.87748538513406
101607	39.758433970416355
137442	46.00888096897546
70259	94.18981035144823
58186	126.63848015150585
141139	0.43377369697507295
119026	101.52291069763221
19040	56.81569729352361
78371	89.78612627560341
37184	99.65478522174631
29454	103.17423964414259
23218	97.03502708941652
7876	39.907645358863576
139792	119.67247028057855
54989	114.53609160274247
131981	106.85383917190082
23959	107.58517504396856
10558	86.27994057650803
99605	77.5437286333635
33829	94.2614494405576
137490	32.06329769801295
85785	115.05887406729337
81159	140.71634779583533
59060	109.90049832309163
91169	131.08211738402463
137847	116.96108818305022
116572	25.922382957482643
137443	90.99182950220909
10838	89.90079990010818
3745	127.07053327242518
98885	20.761805807675113
79454	82.7695204668385
32843	76.44074658369605
18770	110.77875008394892
58485	23.288698364080084
101094	11.803326069296459
64237	92.52799246011462
96521	103.69512831544132
96556	92.20095143920452
1191	115.55179085596242
8075	80.83883483721321
141694	136.03481273935117
27005	111.12607860947705
121235	94.13235077760956
29147	95.6012636321127
62396	100.63080889453606
1808	134.55656461877538
31689	30.983757639959656
4921	106.70433769741794
21898	125.68554784442152
121781	108.26408890815787
106208	135.2366371883015
46763	106.04420765548339
90158	55.69179859984523
123686	116.262449865444
11180	93.75834918156124
51222	131.02772272915215
19660	78.47107386433808
117345	129.4180228606736
87325	90.008309853434
10817	18.04892572062017
51359	114.19525699491237
79509	83.1948638909768
20151	0.6851207653013887
78180	130.38708028959536
23577	93.65546953407465
102955	75.54885433472231
61457	132.05087033653604
109780	10.032177377141663
101371	97.82289510403618
54062	137.9143564655904
88997	38.70057656959044
105785	138.26560757623014
19175	113.92211832077886
35931	114.25792801359387
30474	27.638302201506566
119260	131.11037633710126
68946	47.44389138269721
67826	102.14162163135809
58346	115.2295675868904
131171	116.28379309236226
91040	9.809932914178107
29244	92.56375777592616
79109	39.424235336480365
48828	132.3369961434986
64388	98.29447324102048
90706	117.93488885182369
7486	83.58143682464618
94637	109.37004000487674
80182	120.85395561485171
111733	109.45421892233244
24072	63.94130219642474
85168	18.35856952395393
79740	20.62420776325726
71376	98.33079826597584
80558	46.68865143341985
30408	117.05264751651306
93060	98.27031448900912
70693	117.82858669165198
86843	25.293060775498883
71666	127.04658067853153
23843	126.48708677985972
77113	128.11546550841743
32735	32.35514405872028
145682	100.82547079666239
25606	131.6738785848612
69765	125.39371432371289
45324	143.4018064396353
65068	96.78275817318385
63536	94.29693613215649
105513	132.79266980930277
57628	64.24387489903957
114648	88.2084231080068
54257	98.7884751099354
24474	59.06751418518526
105500	117.26670676496394
58404	41.208002770401336
53673	96.9149056104977
9036	140.06122007578412
133206	45.07990374809504
40499	24.31331037008302
93356	110.50604220285268
20258	39.05480829705275
42428	123.99270195467281
83222	16.04201110682552
6417	116.14147758963746
67251	114.06415762284546
114513	135.29293372251232
47963	128.6628913851033
32296	61.207974972344466
30618	60.56061235226734
36691	130.38759462800604
26291	105.65751330255553
34677	94.86407062458872
1922	139.92961454755402
14334	95.00660722401142
2002	60.37852070735809
101346	94.86708129298482
90562	17.562535566337868
35601	120.00748798623246
17494	3.2347486641029213
71395	111.64669985275376
122952	50.97027469881643
133848	137.08975904718395
58768	49.35891755254671
106558	98.15107074906182
111682	120.41483767778091
22655	90.35284269263632
99963	98.81562360571384
10000	13.449072378173412
64317	84.96282167347223
139009	111.94466499467718
124773	113.21939947921132
34388	107.92830041389088
123140	121.21634469744203
24582	82.98942649458574
132019	113.63832198591822
74404	112.1347167857187
93942	69.75121181059107
126842	114.90617153377843
37731	94.22342608598629
108769	96.69174641005672
137540	24.761559620061288
7936	16.257014692702874
8095	79.41298733651318
80528	116.43286398022435
61934	128.93603428605672
40305	132.78190723989852
79060	90.40551028566512
25032	95.64877908709528
32024	82.59064208376657
110644	113.14020310637437
36636	111.90508015782981
31926	41.879451008764676
108666	52.3329620066323
114698	111.52033477883832
38787	112.00631614639447
96067	95.45251784132437
93816	61.669957406578924
17754	128.89606145705181
58038	138.35708710853757
120574	92.09690544338241
69582	53.45650613101528
60931	114.86081857777312
75722	130.0984005106108
