10597	95.21375412281508
22761	135.3576564322016
124248	103.09466497860467
39310	36.23228081644793
29936	88.80621753414685
59590	122.81545979744281
73127	102.42426094474844
32195	9.516843348198025
58397	63.74845671541799
134150	95.87228078356297
58219	60.7386571060686
112676	135.19120803381375
14017	126.87385759358276
2650	0.6270812595615046
137181	27.768796381496472
121431	0.38367287660348337
67326	0.11729529864917626
19018	13.61644377515594
89327	112.50848751914295
40971	134.54745619643504
30534	0.1265917760977932
114606	83.9786660896539
29095	132.90345267127046
67232	123.85890627698633
14121	0.7156340590114723
51721	12.49827230924706
11533	127.36180540755592
84936	79.16953338079298
97505	119.15735128080486
137564	62.25684767286136
137790	81.006776719696
7981	10.859603785313256
19881	113.82672850740246
6989	119.69441207190266
119977	108.58706233497567
8947	92.92509458325561
128989	0.6002976149679164
55806	87.1414096696348
96484	94.36764858159323
62130	122.89270167099622
19101	105.93164553564107
90036	116.19165967484996
99247	22.347364620514973
128518	93.33795361120825
76751	0.12071674682726898
29565	90.85596141658746
43448	127.58782473985269
82008	134.31641723702998
24046	77.87524768181109
99104	7.442550322108888
21956	0.1197013500894857
128534	7.345270216737588
106232	104.99972626160096
99586	68.0328075822699
110047	105.52312469440913
134545	115.53190298920592
13187	93.32354422534654
18052	134.74300758020442
3287	64.6971861847998
110192	17.099111359062423
24067	55.72224737478678
50448	105.09541567313283
57093	129.1416583654594
29452	126.16991550475035
90875	0.1484091225103823
117314	0.12521749172952784
57410	0.3823005273534633
139199	123.63748626375643
83007	113.81446186329784
21796	26.224306672769057
43601	112.45139638574945
20817	131.57462520625685
97236	138.77613164258605
18299	135.6181921217914
60886	74.92369731541787
68009	86.47166077630894
56659	3.1849071595216407
23225	0.632930910036811
45234	123.84720179872798
122344	53.06852141252478
45618	121.70417467450761
134205	96.73420889568129
117386	26.08699744043145
73239	0.712780590402646
70052	94.50345099485612
28263	100.37806153326429
106020	135.99247840985834
67374	101.93981269774075
140879	106.13206145976557
133120	99.16425917744522
117134	61.82574968525909
79975	26.887430140386755
58998	0.40599938347996833
3641	118.49877231209032
113084	0.5217258437029081
137112	112.62950080614064
24182	17.738314445003333
28637	102.40488227178294
16351	66.49625553894668
7926	24.306500654535075
115480	98.53270078509561
49506	128.05118309079134
84265	119.74521384494396
48983	107.32584548874743
22318	102.00622664284143
10741	40.19953311630352
110264	26.403404034498447
109776	39.43610623055153
64934	90.92254049330715
28197	0.3834457888527916
50159	129.16527706674506
97357	58.05724593131877
138948	136.45338183918156
119180	89.11321957442017
22873	101.25616911444715
85768	137.4297990520211
16576	117.92720285497927
15558	92.80541909515514
104742	106.28535395945879
122886	0.1525455294393455
43305	99.94352202474951
76712	119.30229423643547
114810	131.6572177512772
42130	0.11751992896862028
48450	0.6945877402384467
16658	124.05996266809466
15816	86.52261988747736
70799	130.95729592781998
73370	114.63318783277646
76828	67.84957762178199
12396	0.6140627189540168
115162	108.00662313532106
113677	0.18150816779097328
95197	101.07897673809836
33341	78.85460984928284
105369	125.51310366620797
10324	11.793523737810824
114737	97.3990575704567
145133	90.2763917798029
110345	16.44848923213908
84152	107.85377015390114
8931	133.73748556819342
72298	99.99404616282163
8160	48.86133060721803
121808	87.26135582009664
110713	79.74689161956887
128840	127.39248473796822
86377	112.08478864402797
72893	73.79141970759842
134529	21.235230006944125
64281	92.75860668149305
97296	81.3534162531982
115877	95.04726873146438
8235	5.1217836693639045
32190	0.1876072295738034
84541	113.0509060329109
33201	0.14432112965424432
133892	0.6188948761819253
116945	113.34999459216394
32958	55.96804311330092
116532	43.184249047249544
36136	115.72158060048379
49308	107.79857303163469
96256	102.4245193668724
53069	119.68005856255375
47214	99.65498333487461
79686	135.0265051685307
112038	0.6817812954350629
130386	141.42999895951348
90584	19.435393776845494
72083	79.22469137431052
8249	38.091115964919844
136192	0.4071118118747226
59969	121.89609889566543
114965	110.5172816190812
110715	93.97494365230848
112403	136.42932298848774
128245	0.5547807348849765
122663	54.46577240822948
7925	39.301927494400736
71423	126.12768119032059
41223	131.89224052640083
108822	115.03316748964431
133536	63.04133349982561
100326	28.531700311518257
24844	98.89608924586227
65186	91.38602078212473
63847	101.92937743098196
94061	127.00530153070709
79428	0.1419937883885449
133224	23.14561321924741
77046	137.47993361290085
80492	0.114886819167193
32726	94.60854597354579
11309	141.01918844936515
117548	78.8506505582816
103150	140.63817232248726
82019	93.7426281759463
69549	118.90496623713172
101035	103.85500241584299
62308	136.7776870591995
38678	130.36786221362908
109635	64.64037077143914
143518	105.93466273506277
4820	0.3692657017604345
53104	105.87308473136328
28019	20.889543977922518
112957	118.72387283694643
87113	128.30746838592594
142079	112.78410349387231
115721	93.68662718493628
3557	101.57692410866167
58691	0.20136499524588203
52036	138.4010572665874
38419	0.5764021050618603
101376	98.44016943795424
137866	72.58590655079887
84164	132.30246033575753
16083	0.48510797865519567
93344	139.24297756768243
66	118.32294408938877
95745	124.01108941505798
125383	108.01881821599169
648	135.7039461745682
90423	12.44501474311863
37455	0.3874242285662774
143125	99.83875544554033
101742	100.45768991781317
123280	135.27572762705898
85027	42.854437814663
24578	0.19006185746144774
101369	56.69137731673605
10808	6.3206603903474905
52506	0.3795174784419244
27438	42.95076765753765
24620	40.18667903358326
24315	55.41762956404049
136214	136.23275930488396
50270	0.4312176104823289
96959	132.4618221221137
34777	103.97168117831747
42178	39.21849445639319
85024	0.15370811486194078
2679	90.94527161886941
82733	47.93049774800229
124114	129.35359571255213
101660	0.15390944141630344
129180	126.45689842125913
61842	132.25887457188708
82225	139.343376433245
99944	84.05893689839061
10587	89.81872268698027
46025	93.72931243422146
136784	136.74665711565893
140769	139.75313042159743
103068	129.41589704135828
87452	138.00148729091177
84854	88.42018364605617
51382	0.6369253421661578
12227	134.965926790897
35542	111.42553295948656
103650	0.6927077086416836
100154	11.749353668805544
70647	0.3765729994481155
106254	118.24389632156998
110035	55.44378441764107
1472	93.56649534922873
557	113.16117469859397
143019	0.35879821835610093
10989	0.1840081157444667
44389	0.6214386519632425
31836	92.62363526520399
104186	86.56182289327324
48678	0.5476840505357564
25908	105.78681286400024
137753	0.15086783228895104
7942	8.27909940235165
100133	54.12329262458448
4559	88.45946524068536
39198	105.58054465029299
7965	5.20326231920149
99545	115.08361554307777
119041	113.34391594249651
82590	22.106124914979855
137447	34.11824162943319
58843	105.41338412585802
113451	55.49318766321486
109484	54.794996542472724
64190	132.1348455567658
63560	120.7803660018826
84619	13.185650178753114
11818	128.06284430019318
9676	17.080104144313264
29164	112.83674597077764
26630	0.3803981497971755
87033	108.11619996273454
16634	135.44807491735148
25978	87.12963093209272
7852	23.148890874467444
30278	102.72031530497465
99620	12.79638666876521
56793	127.38400086528175
101140	86.632050281411
79448	16.168438184157807
10628	60.64405537555938
58492	36.93989912726386
135126	0.4333849393286633
2347	115.99661518467964
46767	116.43409125941882
45382	0.42797047333864124
10987	61.157681218586205
127686	118.684543905051
137293	77.68883365143759
61810	124.14060032900355
74914	113.49286081799255
144180	99.67228696881511
83309	14.909624487534934
58741	77.14728722195524
125750	111.4162812972683
113044	106.822572146373
100935	108.14939093675136
25881	120.86973132722659
145685	102.05777720790739
22543	126.40079955283824
108878	130.20360951200783
64396	126.01467184504355
62017	137.50210870612858
122335	104.61540407616918
125019	111.85070534161457
30030	112.46540283407828
111359	117.30589312305412
82433	41.26742408937637
105489	80.28760138725696
39758	81.75582013185664
94999	95.61243793169015
91028	1.7117070885788706
29273	92.83596225336487
118154	136.79154391099067
38390	86.68878754897035
28864	135.81486894026358
2401	45.12721868371539
60252	124.78823864315088
55519	134.41065857677808
124458	112.49204911916291
99450	111.90437365792174
145571	132.94993491911868
30849	98.37312987247333
47904	132.63225983513823
100642	0.14392503477417673
11306	0.4239086250899845
32189	19.884669748129983
24749	124.39934490213383
48354	133.51767153213035
49034	91.58724866468106
39832	108.31212363099829
58273	24.54942028322504
44880	72.46745659100846
50059	125.84617675956882
26354	111.340019261451
113862	127.61427640415583
68618	119.89618029377391
101284	7.048389462394781
98578	102.92725517445658
142180	118.32715458151908
8271	48.105628176716095
25097	86.3449493817447
5335	108.07195741227106
69058	100.77148817532685
37075	141.59897080608616
120187	99.65540771120703
30456	114.6827951926479
83131	0.11613277129236255
69479	93.98395415997254
12303	44.30184338599888
113352	29.926555734608034
59547	120.54598314359387
53252	135.6493059788601
45123	0.6756896138610224
67076	48.293924246477594
22036	56.729994478140966
91286	0.6779045955458683
58366	23.940064353435137
117316	98.012395785209
131074	56.06912844426639
94307	116.4828009759565
90336	77.87764014902474
110274	105.65934709891012
106038	132.69608525522884
12804	89.55276575830233
95380	109.5800265121203
139447	92.3390112409439
114722	114.68753474890231
92965	115.28967972672007
61455	133.3417635186022
91654	137.85487260834364
12896	21.685023442012827
140903	131.7718408742034
109668	13.910002191720373
44142	141.17365093686996
15531	15.820803867515496
45173	95.3498226200061
131432	119.4910664952139
88337	84.12154692972746
24826	81.1608953801017
13558	130.7649228492118
111598	126.18300177101298
6894	2.5312409913841973
125642	92.32581417639996
98380	135.82553708948947
137782	89.79837777572315
127205	132.12313721553684
7903	7.517991268857443
137747	32.21704530216838
17874	128.09035214894087
22101	100.16932424143086
99782	77.81012927828455
36655	128.06457984813485
47543	19.996259545694876
19110	37.39390938050211
30343	61.980267113932975
72304	0.7203348239651932
73682	98.15664949342226
122242	85.52405804994545
104839	127.70828264413801
131678	0.6213152544789123
136713	91.01095870001296
101360	9.101436506034728
104157	128.0367386387604
80601	29.39833860882514
90058	53.37556823857761
10449	96.95809732691737
93906	104.32214219192758
105527	128.38695422130718
65559	102.152142738603
130976	0.5713302069649034
132094	137.21632418988077
83018	92.64132914254236
104322	102.41530564790997
23440	44.02381194156541
129612	135.94977631911863
108457	0.477841643521112
2725	75.4653256813105
36758	120.48698179313584
120879	117.18665339247745
104368	91.75781072746535
86596	126.15152737653658
105093	110.45502456478998
129391	97.39751477922395
38990	117.7338149091886
22342	94.70161903153186
58201	16.81334271274011
84476	27.278588824774758
27457	55.32311581325326
115901	92.40269232626265
29096	118.05128041268263
66779	63.673473041540745
78814	6.9055952119021935
144316	109.38084585479926
10256	16.90839864310192
43888	122.31184344988101
43329	2.7647725616495276
100669	43.871011728228176
10257	65.99448942476681
18392	118.94224063762569
41541	43.405761023504326
108082	135.77507978664602
3472	93.36588957814027
58487	100.33385296805858
52221	50.15109940136956
46032	107.44116837969962
99200	68.82195582871641
7984	16.799717524020227
21960	75.3566777642403
8746	91.68177213425948
84661	6.887073409875967
118772	97.08882269175261
28941	106.95889583797522
69519	0.11925594782623847
39977	121.17463094393956
134250	103.75462154734376
23143	130.2866582871974
141405	129.49077314565642
91298	33.772394560899585
44227	117.72673184264377
10631	18.200493157217828
24684	82.88681000581909
66535	106.62479548338175
121655	109.68052287218764
8634	114.67866267584019
101274	135.3504630361647
96338	92.96290506751807
97854	0.4178422108939196
27791	114.40130222711801
83767	114.46316582363494
11933	104.40644493759486
94915	90.62522025949995
117775	0.43012970471824746
99095	112.78001143362721
51007	121.65987932572308
43998	123.10766945982648
123478	130.15522116837877
53562	108.05802920093906
135787	138.14765400695015
10266	37.360529288789834
111365	140.73443797756195
80413	82.30155571299531
62142	110.58841408901849
79205	43.53025011879118
86206	130.51630824359268
39857	131.28627822377115
69726	19.311642422376927
142778	89.93070450758196
40027	73.99812565636927
10281	47.22397315685465
100097	35.912467658728296
145283	122.81053340815414
97859	107.47333491037023
65588	134.37296786489608
126218	0.4824451044146826
104508	137.3427894398742
22759	135.24859409301803
20699	129.97853570953703
139412	138.0720294529928
2910	0.695162897313716
47190	86.74855801855904
57175	117.0270826461946
142050	102.56053195083253
137589	14.220265357661424
73681	100.60372959444716
140133	0.4346223689231872
20062	26.88938664137751
58695	14.797823872567745
36688	138.08914955648183
46490	0.6681497232642079
122681	36.499386411136115
20828	3.8582972746068696
106066	132.33003852771495
34182	125.80330455461338
73964	113.13902077401988
40751	34.58359154296258
25521	94.64887175589783
43917	111.99929867551319
134271	121.79185643130438
56312	0.44782336838111053
75565	102.78363736394648
11938	130.89069536599519
4739	88.70900887531701
61840	109.54027823222563
3562	132.82963154839598
59078	40.24304291048251
29365	84.05836039791981
85035	50.470922718398995
138755	98.07354294386059
139338	123.38860566660168
113199	18.81596891973642
88211	141.10857550799395
11640	2.727890242026951
74848	98.14896385143483
23770	102.80959391173921
40490	0.6417838154041693
46386	113.08231023722703
1898	0.5855252339008992
87824	113.88130560798525
55791	122.71305791389423
26433	100.0770051890443
62817	97.48307353398782
115924	136.94025264406713
111417	26.175263585736005
107783	3.039660613772891
9603	15.934895525509457
63676	120.07611438553631
24878	86.43194491720641
116792	98.0372227825805
70730	116.53967698501856
9373	117.88973713299875
117149	87.42042617720685
134382	110.17704372180997
75964	33.426162905805505
136141	131.85752816284526
141139	0.43377369697507295
57491	134.85733260393351
113698	40.51904175342011
17549	125.44524896149969
133085	55.1848037910785
58236	34.34776812733373
128407	122.68993293741562
104639	132.28520279486972
52310	119.960225207118
134208	129.33647246480226
118435	87.7246344989771
40336	108.98519151566904
97058	132.3835497656376
74665	85.61220179987791
93399	0.5750966101807456
23217	98.40972869648705
14335	0.3855901403911425
68994	108.6715832632421
112145	132.39360658981263
126290	137.28417340168417
130362	109.32892894530013
111905	125.56397827069252
61280	129.3231844214631
4343	98.01559897375017
24372	31.452066673250425
58344	25.32767758689094
129910	131.8686037445244
69414	139.6983169107078
37664	120.0497022695697
99115	2.4138620929161183
63192	119.62442565466525
75124	122.71730872427426
74334	92.399031837404
66953	68.95865695216288
80748	118.62816529543153
8335	40.35742782112619
96932	132.93838706673358
138065	96.3545389182899
8352	112.4550541807948
81393	78.49193029815055
23158	54.312551206487605
7345	141.97563116242674
140825	124.55868815963497
8251	0.1810397608759783
137847	116.96108818305022
45357	111.75059137922885
54192	95.88979702027441
17184	0.4474521615304953
93800	91.00905798825434
29369	107.0521796770661
13888	82.06762614401546
132778	130.81139902159882
32874	119.09646578923262
54774	109.79382235190654
80951	112.2650154585916
35459	0.4993657469429203
114591	95.99119869830105
102783	39.8239656191946
36875	119.24707985719303
96246	79.94277991131605
1233	111.93010844111352
68857	32.023520085631276
117798	106.2477445028542
83668	48.81839623997554
82973	49.06515482983551
74069	97.69917197248925
85942	138.80141744138288
100176	90.61202913212671
101077	59.80160975297349
79930	35.6349098241067
113503	5.651156094444123
24377	79.10754266781039
49935	130.99931899719084
86223	113.09571043559781
29778	111.16871198805151
79092	48.600794471927784
35738	4.5484081387343736
123323	93.85978864432019
95204	109.21111351111827
3871	139.46509290985526
37240	110.66145999787703
99472	25.25408078760759
33361	1.5552124505399874
4212	99.50745523010711
139408	114.12582099282689
12301	127.164163504118
7817	13.038560951014121
56592	103.11809396964662
92446	95.13931573196173
54023	111.07716141269634
126699	96.03282903439775
35353	130.44166469596868
76568	20.70964250677816
25683	113.54508834950461
105872	136.55454679959996
114877	121.25772194515245
9319	115.4958739986199
91555	43.17728830296777
135198	133.9591700714618
42677	89.1264488864692
82275	113.15924840995095
8232	43.54395877981613
87700	98.56996027160407
100563	73.38600611718832
91771	29.55206121691334
7539	32.44097354766719
99129	31.51086384693137
120977	108.65268696247959
90284	41.23274070548211
61253	12.572044964711328
82906	90.80032587792671
40689	110.01005645087113
143474	98.64159355303562
23659	126.77312346081649
109118	44.66207241891893
132922	67.56304947741056
42014	21.39055983951902
9138	125.85122285248039
60685	115.2472797675987
122690	45.24559661086479
41418	40.67062968562991
102030	118.91172085090398
39589	83.45610556166785
108895	133.64130884395385
82863	126.32582775925331
104298	97.73311779633333
42384	134.61356851725404
54879	118.89431884512514
79656	19.862202611583346
102300	98.75769001651155
21401	64.31710375125327
144284	100.45427855594563
27189	125.63177285427219
111323	0.6268310288407324
20151	0.6851207653013887
138872	96.45244964824523
134269	113.22124389043415
122935	14.958787786624733
142656	132.78140671986546
82037	95.291800677891
102013	0.3883409015782184
9832	61.529268509474534
111570	74.22602909984211
77066	110.73106565448015
24762	122.89017773029701
16434	57.72508965153267
18457	105.28082208581198
117341	99.16417421050753
143543	133.88160858295012
116844	52.252646253385805
97441	39.467293480270484
53507	0.43331379909021095
115307	90.88608586563707
24847	128.4282778789313
72398	133.68738013557478
43114	105.96738737814748
41569	96.89088585129316
133581	32.3384834801653
25113	105.53783065874899
19376	16.038536657804006
104173	89.74797683584296
78960	40.923826628686854
575	90.77783356518252
51339	127.76491077357079
95125	0.4148371138839765
116620	108.01032989963585
132086	100.26548132291595
82210	84.48925585240191
57039	127.37661131996651
118015	89.95197946402601
10305	0.1804224862679662
3482	125.4450372471066
133470	30.630943510287537
105447	86.81005950750232
24220	18.68513965082904
23921	0.6860456795029819
47291	62.330160136739295
67439	121.14012001711588
74408	105.57774041529005
139994	108.53556397833624
66775	31.585673537836733
58680	9.724013009178943
91759	130.158440345186
62062	0.37524093875030345
84369	13.695420434461958
136889	135.0295242553769
32812	61.50577653640235
90557	51.017963148227615
112142	132.71794843278406
108756	119.19371278789946
35221	94.44592963597094
69706	0.9508441291017595
5127	91.79990214783217
78161	130.73780035912364
24250	60.33554299218479
20319	107.34806028256689
121392	126.37986182826106
53099	119.1946378370333
135522	136.07484506921335
87066	113.44370231135275
109274	100.95413830462937
4185	95.97041734898649
71831	131.56215851255251
91034	95.44958554286511
113182	33.48069434418406
124372	131.51528870278503
61487	66.46749011393581
27916	0.1970491654625682
101757	52.99768441605822
100294	13.444585302774156
91700	62.8056980030317
87001	132.73999762360356
78034	130.84264628028507
101171	61.0903842223155
46699	26.43055414838708
34442	0.41734697342600907
108411	115.96381249069049
33931	21.794162283935393
54483	98.48779886778846
40246	0.6771981508358111
67159	17.62787582046165
48149	118.41790021100174
21259	83.18865400849343
86807	80.16582208755584
41028	108.41171136385874
75409	113.57544007899612
35364	114.71002402136867
17873	132.01411721762676
5581	49.71994637695008
126086	138.93819305261087
49224	83.14941997775821
145206	93.65783880135564
122660	22.585021972827487
68510	0.7090291907057801
122157	124.08135275647713
116446	113.17899863253481
107653	101.12958319708542
50299	123.5467477205229
132039	102.32299216868377
144076	96.23954127855365
109365	44.15943966926087
62791	136.72365654726582
54678	125.95359457765093
93462	63.570174145321005
119842	89.66734671790279
48716	124.25220980006883
3499	36.89987863124028
23388	68.22358742196765
75044	97.32119442868975
53857	82.18358597533407
63701	122.94190787562884
130431	99.52589571445809
137022	26.75430976807952
125960	122.71923817933676
5697	97.96244024182664
58192	14.247353444393779
46142	119.39459417531265
7465	86.13840615451616
7604	15.219407306923307
35460	127.25715147871554
85166	74.22855974829665
24701	61.258661461794375
136196	134.82593557868407
3664	56.95721974419862
116120	130.37225273175
68528	108.00185244230714
130494	133.83528989559207
51824	126.1802693898615
101790	36.972483700195575
45370	102.86530196677514
91227	68.05054467752166
28237	93.98888917811495
55177	116.65401017492874
145520	138.10420176367708
132845	135.77241041963663
67121	60.51452112279447
131152	126.69604032006333
135478	2.961242446557125
22202	44.07036840206868
32670	81.91916026058107
7841	8.99875265898956
84362	33.91081474148618
38822	72.07795723601868
38885	119.02358065424453
31769	87.745135165689
65849	117.97147136910483
7773	77.50963635391146
20784	125.62435364210089
66625	39.84929609535206
38875	79.04614141023842
70683	134.57393573922263
122790	34.403893400085316
134373	125.87270166209743
66162	99.987152266266
105308	133.78790621924466
116704	115.01570379845074
113219	17.56669036070492
109380	49.7311489899466
36098	98.33652715577247
84664	97.55897413734147
79575	60.80590987141031
131392	121.61653823146648
90683	81.23225811537934
41228	115.2701841351099
27293	112.89004024544168
80068	54.52196354873738
89242	0.5579017846296704
67018	107.39024292622749
122664	25.59102854213572
20823	22.93918480711359
44764	59.94714120072837
83532	0.418544238903616
58654	23.095968688569073
27489	28.47501229490352
134890	111.989870136317
137805	75.4499369701878
5103	111.80021581603627
30715	74.4585792899687
123784	110.28778957172692
48896	35.59525174734865
80212	48.97112334707057
143082	88.17475195749458
43439	105.08813548823316
46176	82.5464526062404
94420	79.86861856250783
128868	132.68820018135833
102243	107.84279192217434
134407	21.295338434543847
78281	108.28934131305904
48714	112.71881085981438
133500	0.1605214483859027
107462	49.75947666260551
76891	28.68630954534693
33331	88.1308276985318
8158	118.85695930850987
133394	29.446697989127788
110496	99.48081107692153
68429	66.9700251690529
111990	60.77397765106038
81357	127.7376037806987
38412	116.02984290867293
82518	34.21714600040021
22074	66.00365648093654
38763	118.25095460514117
65041	103.18276635522564
37127	126.96825870111073
7054	83.60846510242051
133450	27.46188908866576
92643	135.75554669646758
79680	114.83927794209376
89406	114.10264923566314
133498	47.595106724394434
24583	9.875764941863187
88667	119.32816854565594
92736	78.85702773870435
79182	123.24695331612376
61131	108.45617122456672
18748	3.110387430807844
72539	0.6471450485365631
36722	87.25853062879638
136992	9.271869150190078
6506	101.448220213173
71797	63.54504396666879
82803	23.517109150191303
98804	84.10274762317835
34195	107.30220220123434
77723	133.58731862637092
22049	66.65805805215182
11046	30.73189308867879
98961	8.30379642915806
30911	111.68236555401792
62779	96.46151376404462
112612	3.88206477713844
79993	41.72428404465608
43333	101.35856845991515
41603	80.25347301891604
31985	17.159545390030043
26771	121.49949520846495
99427	26.902306325001973
60941	140.31359264743585
13001	120.56489339210758
28231	118.55846902385026
23558	26.735386893289828
91675	130.25288928223094
86235	97.86323376921699
67357	5.473736408564694
85966	142.52511005604188
116064	99.0486502176224
134834	0.678734291767622
89183	97.35222435388211
87410	0.3649492416937023
90246	10.32605759891768
71495	97.12900319555199
100853	50.50611393064636
80274	109.29171567308339
135841	93.7677854724004
137958	9.385472908220416
63858	109.15559152823198
53662	121.05081908713557
26204	97.5868258141408
44155	137.73970202967482
137221	19.37217412739774
143676	117.75028603029386
114770	116.92918095512952
58351	46.759526619259674
9393	114.00594506930847
103624	107.8178965619903
15016	78.45894166110969
34679	49.216187875151604
80040	35.11337840522787
107457	87.10955513489235
73337	27.08022410876384
72771	120.64497216071396
75938	69.11616795921798
42863	138.1788066806395
103014	133.662829668071
126953	99.03131709667547
87195	0.7188330482969939
88524	95.1360887851323
122793	53.47479131440085
61760	108.14229775187418
18996	21.877815527488593
98789	36.26115899307239
31851	20.320281166359702
133614	78.29599568849319
86032	100.47900545361435
25441	132.73576433478414
109196	100.44332655548462
116821	114.08787177198236
14267	98.82627961362986
34115	128.73271929000455
101504	41.90242952144112
29470	135.7467453594486
70443	102.969156644467
66892	125.61415648289577
39568	48.83536714779135
105453	119.09029627229422
67440	33.376301994414284
16086	103.83350362836231
113239	28.425950971139105
12286	46.71008663512847
7722	29.05202058222254
35083	125.64384319624698
89560	123.83860565598897
126656	122.31040719761019
84095	102.91328032527237
63675	134.64566202214468
60436	127.4075705258696
129886	134.28398418698438
41036	124.50669450137461
127783	132.01303239348235
136934	24.03395629782609
132638	109.18059527385752
103202	25.496778638267255
128850	94.5862382795061
58390	77.45731048252983
18047	53.576429319927314
125564	2.7137068198231757
137998	109.40796858956615
84014	124.59454000994705
33139	53.01756366428341
137841	11.305708386453436
91313	136.16098306323818
100439	35.3874358427066
44966	40.185881262182164
47874	111.69518887220494
10467	29.514309421536456
49087	105.31305979075807
79823	110.89973321540859
125950	95.06682303721585
8069	63.476432477999516
79788	19.694047599678868
7864	46.2039753762435
86523	122.65915469750067
18167	0.6369425456066852
127705	129.15168733010447
43913	105.9047927116667
77138	103.36756718613131
42729	0.42207264823518403
56101	96.12564023307664
76095	130.16339405181802
7726	20.780897800613204
21122	31.102504493863503
34302	95.34610971653423
100971	15.141407685870158
30326	130.86307239096737
145542	105.40607652203545
46703	91.33520284187111
39335	40.266517800998265
82317	123.65152366751238
50937	129.08205063077213
9409	125.44639645905532
10037	28.039132268707654
73563	100.29535722479598
43437	95.7424133060102
62531	120.95147781935313
17845	95.86346537432644
61251	97.62231079944587
98085	121.27886707199394
138522	118.31468680005105
9562	19.19949028292446
97006	38.84608173698095
65503	118.6901084715092
139021	129.72124351725057
104512	129.85628560484815
97170	92.13493636016966
13267	134.48686519876733
76668	81.77273394119636
128739	41.658775654152116
23794	117.09015226622557
89554	128.20310983483506
140507	132.13094316275934
135621	114.66956549565718
52088	110.56057808850404
59435	125.48043071228695
58480	84.17903394441254
114493	96.63898489608218
26472	111.07591500669969
109665	38.86621814264654
400	88.65309855159722
94582	88.13609841661388
8589	122.85267048590929
30451	98.20229705205487
49825	121.0014007726439
64446	101.12893270923438
43033	123.20106090221243
58441	2.4678380944980547
71388	122.11991709372151
11191	111.72512206812564
31890	68.23549276012477
66964	70.65420887407406
110	103.87363698296389
86363	93.50177218064556
94618	94.28119882475433
94945	105.11445859962602
64644	136.58038837736407
19953	101.72515041072847
100504	92.13035528494511
143837	103.81544366446751
13571	64.673715968475
21533	128.66333866475318
137070	18.781177635678333
133192	24.0810167232544
129597	107.64327188290159
33224	109.85281398858814
75157	133.87960769530306
114176	119.28720925920989
71432	123.2060447208409
122284	32.64098539746395
4556	90.2392733568318
83194	48.541086913575455
13565	116.6002157005635
93554	59.06026431937425
137785	29.885561121479366
104867	86.43965223318962
144886	31.306942306514177
38248	118.83666745125619
113549	52.24314897805279
55890	89.98824249935346
40763	96.48036233282977
62713	112.94297628108367
143673	113.57734243971713
91092	47.973609080285385
137187	81.14502480646546
6131	107.60990101556278
71780	108.78118671793659
58483	46.35321294040941
40392	119.90278271741349
55083	120.42648365561311
23939	95.05328968247865
55763	93.59422559070367
111447	126.75454729044083
58872	84.42233236604875
106359	95.53858483746428
99235	42.88992566220144
143055	125.80368864233158
108845	139.23359364418934
92486	91.7386002359943
64424	110.16025603615455
19354	135.1980247673879
52471	110.59247299490696
16720	135.34354770387978
131945	0.4393035423360902
73092	111.95416520619102
102730	37.88165965683771
18594	117.09001796084641
27323	99.88073111039328
3293	116.38547999869681
113319	19.32122159924403
122962	102.99440719329648
137641	108.13901747576321
32789	73.01316492974168
21809	18.801914030850707
111218	47.65338386064976
86375	92.93217081300736
64385	104.30795946206742
21600	134.7129974478147
19531	138.7463266512352
99911	111.06344373630745
108965	129.75396622241746
83893	96.60286852007376
118424	112.54537843154878
4653	79.36468434330375
4411	85.1424346911938
4536	114.14709287714051
27909	20.854960311589117
100872	26.528872292214487
48322	110.98754767532607
85561	86.1538416604293
18101	37.620535130840075
13261	107.83731080066151
128975	111.76533661779492
138091	124.65039156808659
113273	97.24647704012065
10516	79.37412910897078
131924	78.33395417416044
95946	141.9182766877946
49607	71.04468383842321
131330	129.04669047378303
66515	62.309672034057286
35216	85.90983192880907
132442	139.68430951659383
14240	105.78824942401621
70911	114.47823056267309
24198	50.164734070334795
107923	100.9027369949107
71189	137.38148969194324
19466	14.587927220808863
19105	60.91087004743744
106559	95.14503255781798
131296	43.30320998905717
131363	103.54510843692391
139686	122.2803768463748
93176	58.88391417335207
111442	143.06612193051652
10022	5.29192858979639
54938	100.4784853924661
31849	111.34118064793478
89886	96.6125916548106
99516	0.18079763575574184
30263	74.18284256908352
119545	124.66184405434107
4392	114.23793585004331
16690	110.00652651479834
3792	0.802892712715498
90533	68.21734574961329
106618	121.19155998851126
123821	115.95386537722325
10355	65.41238109704743
7337	113.93226981640122
19086	136.0035611012374
56993	121.36437691033477
2108	110.06443848495967
2704	122.0360432598117
106350	96.91756683998295
10982	14.238065069747957
40745	127.43574867293434
137801	25.0915673377082
101068	12.09100252053104
38981	84.00910957153387
7856	2.411871425991398
106679	103.32523084943806
125266	138.8690352443372
120612	118.08350517349331
105780	106.18386119334296
100058	117.72740230456328
130853	18.468479314937472
28022	19.31403541841627
138468	105.84055246129152
89618	133.036802019682
132340	101.12235865695092
128473	136.014810605023
21497	45.22758749191348
105532	73.92868725052068
100435	86.03917884156623
62298	124.24175786659056
10996	5.228684029941132
82837	58.47400589386309
23155	120.3257412679742
130514	135.91671115293363
134033	125.63239153704156
103740	102.33014565912995
58665	97.72797483062087
88794	110.05073435421608
71958	128.47340183784107
5768	108.3537442958755
137358	23.618692469522983
1785	117.90566893838906
107806	123.16113547526976
105488	83.4963274939207
75387	131.58967086863237
27455	26.391135382645064
30019	17.517524857798236
88439	100.3359541401063
57372	118.68903257004526
52970	135.21383750714415
74655	94.02225973869679
139920	111.6237686969789
67182	109.44341263980768
69172	99.11292863222367
112746	139.5695759966812
37270	117.3637971843301
135407	91.9907353017084
56212	94.9775374861482
129237	135.2397437854389
10841	21.35363157699105
55680	95.31265004501114
48605	36.12916979081106
142275	84.84579431401276
12170	123.95196531747446
10692	33.32427410067789
49341	106.60846134578301
63604	130.79707105274323
116572	25.922382957482643
136476	113.84635476884063
70565	93.72616546605653
44412	135.7954253712291
61776	120.6947262532311
95268	93.07180426520083
20046	74.7639212472689
59002	141.2931470452524
52402	128.0921579370905
47686	0.6339005180748467
107899	57.900812981623226
33777	137.12818017357696
71588	0.659031673019826
135822	115.52228276855405
139451	122.81026379688139
66763	32.7204393360617
59764	112.69393096122548
138962	109.01426463706215
127954	127.6500914426478
116730	40.45856141350389
60738	19.84050029143641
27231	111.0525661862149
8145	66.8746001123958
45399	106.91671999606733
142727	139.58337267077195
98326	72.95430410031666
28775	103.16100131292805
849	89.26710993853082
57354	100.35486038879489
119151	92.79086774934473
77357	122.11142313679125
68298	101.46103937478739
111623	47.261338941026736
110253	57.54640118157259
71034	100.27613530388601
120605	107.27753311880709
21242	73.63656540216898
55407	126.56426045872949
32321	13.849047111134137
69070	60.984629211204144
23497	136.42157268811675
84738	97.22968909805307
92721	132.57241965951155
142704	90.53437944226283
114859	86.72974176529597
33462	91.14074931678992
86392	0.6487923605861863
14785	99.7232617453812
80673	31.367318675549033
1719	112.8916483143807
85783	128.3030159314479
109554	65.81258400801698
1799	118.4910646734798
18205	118.08875557971996
92344	126.04874919238429
28336	95.95641191560195
127800	98.21600925822821
13396	0.6431980771616761
48065	62.467443142104884
38948	133.78910326704417
32178	26.487055286524768
26959	119.57545959089043
9792	17.6107376356823
105250	110.06527307782211
55551	116.98665221569074
12577	105.8652337095306
33514	109.79923088641368
139399	108.29182731316055
63197	121.28504163515429
78361	122.00743854595339
34981	125.25660184963175
141510	117.4709623232132
58631	97.43790560825006
101092	71.80390473324047
13080	73.8713438794935
18102	130.48030982277126
5976	101.23538079539136
74109	92.90054248712595
142935	91.58424014797531
124658	109.70031267468772
138594	108.58262346237349
69735	122.08812861484525
76754	97.08356874459352
57189	108.10918893471819
23473	28.464977680633663
69310	134.619734236309
41039	111.9335409545994
41537	36.74443104677344
98942	45.1217133964374
134603	43.47423111177001
100944	24.35040346434086
142240	95.72735750398098
112302	0.4840857502183598
74572	88.07881754403297
90884	10.640200141103547
97601	0.6975244568908958
30425	59.1383283638321
82788	15.338832096794317
69543	96.68964067913883
10477	64.57271676313779
115327	122.33254949260905
129533	3.1019676599094623
40675	122.49294863770642
33297	101.92001265413043
89009	129.70869338436148
136916	88.800500869284
85077	62.72149177928366
51337	129.6842522204516
132027	86.54085059364107
123476	113.7929255012
20132	126.6987986582232
10814	52.19625537478267
129234	0.4374275640154816
86769	31.023735626947847
44849	61.86945533482045
45527	130.0075580783978
69686	111.32461590218057
94841	113.7623329096479
12666	97.06305603692454
24242	25.00646361959246
118431	137.7000948216568
135625	79.19542417083831
38659	111.60564243494355
10490	50.2991499388811
82248	97.87714189474255
100868	19.367368265853216
98089	124.25232829315945
7010	111.06178920027388
129369	140.14695129125263
19282	39.91921990436997
62346	117.92334740474391
22746	102.45277873009242
121747	135.07511568189497
126051	132.34675936314707
97262	128.17877897192847
97514	130.04534082377168
26138	140.65192628390514
73604	110.14930481569614
9933	17.977438610915016
127090	90.46018096116907
101871	65.88612450230104
22070	30.226546444071957
143790	104.81939872039771
32305	80.16695163536409
40256	77.44223271338792
62163	117.63889686076782
35981	111.59859945185072
76986	119.44796008484391
31478	121.98493593532135
98994	99.19819369038036
20832	126.95005186517635
122647	37.317561831225284
35952	108.66924906942354
22043	87.59076449915513
133371	39.06615594316193
76081	110.7785210535041
83384	97.30784223831422
33289	38.53854749908965
134072	21.649258279174706
138985	123.78864913107265
100118	107.34164928691506
27844	108.22088387461288
118647	128.9994515973426
3055	22.394531919597
136701	139.34891524179372
127294	99.29593286533498
14369	96.41966868303975
92615	119.69241378701382
72409	71.5663595772037
19668	97.1746064584179
8229	6.177936054880419
42923	115.41382489877606
36189	120.29070420207249
42035	132.88875897194524
42416	121.6515591629295
130692	106.92487151555974
72284	42.272251681139664
132262	127.43039982987017
95876	109.49531404089379
101355	61.42441319772794
137264	67.79260674878478
130363	126.36233701118668
5245	96.3941173120743
56965	118.75280015500273
116763	111.11231532798924
116198	107.35369248284351
69440	18.03189300802874
21159	54.92778024329571
137428	20.638415130058572
102992	127.06799445006126
108129	118.37378569893471
109976	52.23229114517165
133562	45.382567059962454
129842	117.15713540517274
92571	85.86515671374765
113043	132.11625166170649
99772	44.77959936435533
120294	119.99073581560113
85887	106.49690619302164
10034	65.26177357270122
90149	34.49376127098432
17172	79.86691181577997
137302	73.19952902401454
128003	110.974091672338
65450	133.17388687622798
99829	64.67999822240901
134544	107.90071819356233
4965	112.19761674215317
86244	120.94498990251152
121598	86.44325251093272
95832	106.33290379254912
20790	87.42378551987314
105537	116.13663995415436
78005	111.03890256715353
50979	97.24629152364145
40718	131.7863319109866
82388	21.1665912673865
29249	99.43901118079062
82002	110.89622846299568
47374	128.9457237045244
116197	129.76816032332133
76032	91.7911619144908
18426	101.33473344017753
100049	114.93055473479006
93533	108.56174332745094
28842	110.30785210413315
20966	0.7953518575019631
64178	120.21022407883
63054	119.50417041430835
53907	136.1796002973852
31638	102.43793604181404
118877	127.01156953440726
24672	105.64654099339015
127762	135.2388400239502
6571	0.4102239301073163
7936	16.257014692702874
7348	109.53367892416192
54313	112.71601413429899
109887	61.656251288692594
99299	14.864362597862133
118793	114.10606927279683
67509	0.9000334670069794
72061	102.35502524727507
137738	53.72349170860739
62850	108.61306177851725
99500	25.368800059455282
106032	138.3470517379018
131812	138.02109022170313
78492	87.87993482368047
134431	19.747142986652406
65700	134.15282952284107
42231	26.4007327121029
122367	53.897289649619324
7685	55.54041968348233
32707	114.62587988182746
130415	96.5033648138787
65561	92.64665292098128
94175	137.40776653956004
72026	96.70764379748209
130485	128.01275254780847
6489	131.50245389621483
90729	35.6634797559971
54424	102.17670086594768
34364	114.13136674943007
133716	111.18163098597802
30072	108.65348177589124
35071	108.50041412169618
137171	10.502396273430339
39498	130.73083877471103
7988	48.15344685631531
77994	92.29195687979691
139341	114.38991039363069
10979	6.058852413150973
2136	124.24411654799174
15499	95.57128987843406
101813	29.096133274272695
275	84.20465113766174
57025	103.05962395175482
114713	118.31439097792905
99591	12.447596381647799
27855	51.73561415145289
145679	102.78250255397046
85440	137.4535345434934
75890	100.69852950362312
91179	66.5577231885145
4621	112.70023749226793
26462	119.33190557953284
144695	111.08181422185274
8800	61.04216740515848
72394	99.29637115178637
30598	106.30966452372031
139613	127.51484077671431
118044	107.88362866085495
33256	35.47552726904316
99009	116.72289677704148
135378	124.88356894517877
67435	42.6513139676463
137685	41.65267886877036
107414	103.4864281019535
52555	120.97342603309119
88924	89.28855844871728
56700	131.48900264541666
886	108.23500729154793
92307	110.02009292104462
99170	41.56157376387633
135711	101.41077689548997
37550	93.04678453278918
70023	119.5614958549547
95518	109.10692784468053
4329	87.79115889173535
80692	39.73546957844266
98782	13.406221352204682
86053	110.96328746845494
134881	104.72136124977439
94188	114.10086546810851
94985	130.16654354498127
1534	97.40613644294984
129643	107.1777636282749
144044	108.90829567613997
53464	115.86947518649264
99264	40.644978988285004
46028	95.60185967893338
60278	112.3236707614556
16927	0.5109959627402552
108582	127.61757734407738
44633	120.00884503840662
65510	103.06086425167261
114474	112.77151668213918
105940	101.17244648008148
51242	132.1671870513515
77535	113.43404978582166
32030	32.75259797646965
41983	71.46861701159445
92595	118.08174571870616
102199	97.15177758910927
31417	114.15735760530514
135111	44.91831244881927
93860	117.08954737686629
83127	122.20256746690016
93951	127.00634989595115
101257	52.511029710749014
144558	111.35902956711008
64524	94.92608090913178
18441	119.3332859832831
113638	18.205287857249896
122249	41.09480352316566
104543	124.73715543688799
8396	77.7190768749281
130235	111.04685071253014
128068	135.1165655029707
90688	40.66040881781904
6537	86.21215480489563
26413	133.7658592507502
33187	63.795394213477884
122744	56.22694970201713
81283	128.63669449122548
101537	47.860960625855455
138140	0.37912174641391067
58651	51.232758763127016
118406	124.38680762985226
4338	116.9193902981637
1012	89.86264101811372
31348	117.52106005451512
127655	101.98879958943317
26101	124.81102557396798
46521	116.55829616756378
89571	129.93543051944158
68471	97.20614718846703
101991	126.42765307859322
57129	131.84082240605474
28308	89.5409367162121
137724	39.41324383244842
110531	133.51392388369507
108274	87.99959857540944
68539	130.51532646042727
60910	114.18816553019168
78868	46.09878272159799
29885	120.57664254814927
114878	0.41562964329575197
6645	102.05938735517195
80735	124.69750803129321
135770	135.52614436306013
71919	38.22901104400812
144977	0.6506998790932154
35831	58.75565724030637
78873	23.630835834548222
23317	99.69082780078114
124249	132.88612292273166
98342	106.05586720837303
126740	135.1926177642028
139205	114.47800736606463
46866	50.803194003121526
112678	64.88342841167812
115763	98.98101626865429
98903	53.5485257018695
34056	121.44762353288084
109940	94.97569056581631
14720	127.8925440985172
46972	83.68935251330863
83789	129.97985261069977
10448	35.270182728778224
84366	12.107862330365258
43788	104.08260161668618
53699	61.578524751975635
90549	16.30776499565059
11642	99.64837948590795
9577	22.064193721705095
16449	114.18939642284329
94137	137.704775856023
71671	32.90911228509985
63452	123.07915183490408
19706	19.584810035171042
75165	92.4786016330234
27555	28.48598271318315
111926	141.9795786998744
27918	80.29936465232134
90439	51.79494962805088
20410	17.980153070343995
80261	97.9854957049022
15018	98.67446106832733
99389	26.832960806661536
98189	41.7537096940175
94153	95.4770096985564
28440	114.18337678041652
84941	20.352827247626383
113048	36.85695708946541
33368	85.89572686910905
32318	57.39767885519441
80078	90.35828996952173
29205	102.82226855950506
74119	106.64505385637644
130243	120.31552416391312
1410	96.96982025127674
97702	127.08463392710686
102554	106.02170031845854
25360	107.19064009512961
49852	92.44602992808257
23390	121.45478871109279
95624	100.21632611917448
122440	119.46477970621885
31181	132.254446159223
111715	41.41524718721132
89983	0.6215252329367386
19196	127.8373416107553
39462	23.464515027515432
3118	57.70833522191417
47701	117.4770503331671
93200	119.35108663549924
36191	0.5354374711824297
142186	107.10111128898885
82321	10.66103315505896
6614	110.8947781911285
64278	83.54747932983197
129722	107.99813276139456
87753	116.28293118484208
4228	99.71314828146207
9144	105.91217857023095
34946	121.16950103500403
85910	134.10916034187287
132460	98.6242105113524
28919	128.5327245969525
27495	76.99734946636826
137005	14.783282681697576
24099	22.524474387696277
87907	109.46493444653233
101192	81.12395833693567
61423	125.01436301169831
15025	97.28384549649876
58353	83.16860421138033
70662	117.39804364599392
77735	104.52655756532117
93708	139.45906343777258
43344	106.19009971026712
6158	104.48772594152803
97632	123.32032701669948
61330	30.609470312711156
94328	107.74287310345602
128034	107.54230694108202
110122	38.49363963850691
104380	114.16946309351907
47232	115.50379573721098
78672	115.73345444868612
25716	103.1812232305024
112303	99.13490674371192
99844	105.65665830057756
120052	92.61674737742779
90194	45.94407056899154
10914	87.64801396685408
20846	109.68746007412095
28981	115.4948534949932
27718	42.160471566823496
133227	80.92964328465351
21389	108.08766406062892
42917	111.0715360914804
50378	133.5863789708767
123567	2.6372026070964734
80835	124.00157241409845
52446	86.56419605027466
10605	5.32403336846482
73525	133.61146000869664
71821	120.8023909454598
7575	110.93856113077409
117911	46.99213358476283
116020	135.76063566009321
38360	109.38838651665893
78809	27.757805400976064
137910	1.6701619767758642
52560	103.16273585673957
67166	107.6535355389837
23367	129.25090157329086
36597	113.49659451187105
122133	112.76518975386101
134867	36.432338180386886
58166	93.54335371776233
2157	52.42195474539702
59736	109.09373532928598
85597	109.16445065758228
99757	25.3816681091425
7778	31.267286434360646
71192	92.59684203057245
132898	44.65163284656536
33781	85.75339306681936
133180	116.66348631179031
111291	114.57913011574512
52551	95.80643008391384
101818	97.78447936702253
87791	108.27498231465442
8439	10.020190259576083
84414	65.26934149558461
78896	102.43248266780552
119295	96.0029087294373
95658	93.44894584140893
76146	117.2400955524192
131954	133.01622150771576
29997	46.0184413526658
69013	26.3852199925749
71284	98.98869215149185
4050	94.40913655416972
100818	1.5764601351500551
123812	138.52819411348375
81933	88.51500627840002
57040	58.034854611413294
109265	0.513140610528872
26680	118.72642788414575
103466	126.24039105370109
115810	119.97593423278066
43269	118.3546923145561
34689	116.30265272101207
110334	2.208398113235316
59276	117.85232996192553
20796	97.08371161449536
127214	91.8482959193922
142230	133.6025028029547
10776	43.84689726784142
2779	113.5511934682433
42118	23.278540495633745
112452	118.65636592157904
112666	95.74864352313787
57724	114.47296430771256
122391	34.53208996502227
95198	116.08860582120411
70255	109.47377867009087
107400	115.84482485715922
50633	115.54233428977119
132288	132.56482040082912
78019	105.36398230856913
33899	92.43778319142616
21500	124.58814518485109
141731	129.8184551173658
13550	93.33160622769404
115560	75.64831308020287
52200	123.24106652903718
992	98.08584619784507
52703	97.35532838837213
23694	100.70004264200756
90197	62.88013440719444
77756	97.84368334214827
93104	98.63515057665448
58494	31.213327567403557
116696	90.57825472196055
84363	43.458029417453254
5742	91.26866162425901
96006	109.51167181990668
8682	123.13480488177133
130847	124.19146718283741
80677	117.88969912038095
66049	96.24003371551773
82598	117.83401309266219
76520	115.36973148968617
90700	104.10558609336701
93221	128.52558019553777
57464	102.34978513447231
37900	112.90215740260162
79513	84.00683280520575
17268	123.81419053791026
95921	104.84369089604998
14771	95.4373790346016
84560	20.53692027060506
37397	109.23069431379022
14890	86.6245766865558
35193	105.80123826499887
137084	11.383513420419481
43526	104.7478659781158
53216	114.27918398337016
62507	112.95399240229189
24201	29.208491077614763
127310	0.3657342018041622
130324	98.35871687168097
70520	127.77654411645088
52468	117.7746648512181
79745	113.27392373284941
113551	30.563093125369594
144618	104.61986680005413
90219	19.327034008183823
116612	29.33686885078057
59975	110.00179063118911
78037	79.37900684841973
135035	94.97382826556077
6269	136.93002321760326
2515	2.5589434654903065
43922	90.33200003918232
80776	100.41548473427636
99492	6.829874707468716
7802	60.15777436991264
86990	138.988715298389
35863	112.10564367153437
72207	135.57284790251038
5946	103.82645658212725
110987	116.80081760905266
23824	58.930361418162576
91243	45.39165368128624
8454	108.07210100562874
67524	106.57087489733541
137478	32.43192219290899
79277	13.38899169746859
113642	65.08042892084603
80567	64.18976993926873
79073	102.36624385823715
136287	123.70774837616999
18253	54.11750383440857
14935	89.19111101628494
29649	87.385476694593
1421	94.97025604716325
23523	114.11863745445937
53277	108.69511784932128
54780	108.85783758406728
109600	74.86281769284915
29960	135.50192717953277
99791	96.15567756661211
145298	93.34933263823892
8438	33.66925920109678
103161	26.656335318443052
10288	5.89273911649917
73286	92.2672467937679
95263	134.0425711384467
48476	117.5832389770189
137646	76.75511425490642
83781	97.04412066351944
121876	133.63927569473626
36238	110.83232273083789
106649	126.34317660088865
134242	113.73434617003166
90843	46.23931680136452
130602	102.6571874600935
75334	104.16198722859458
32112	9.748806834787246
90466	6.540813906673913
93035	102.85887934929104
100798	33.84625249156311
20931	52.281812734590275
58795	7.831408655055874
72879	120.15701038652587
22138	123.89615116530129
40993	52.44021494314395
127851	137.8602346710851
23214	120.060698679872
115648	109.51913427206037
99075	17.666699696410248
86083	105.01679227005089
121290	89.00037882236896
63458	140.2065427765089
40028	109.22395452600101
55033	100.95832861408707
45999	125.41285221459782
5532	108.05058929388893
75860	115.18203306702044
94115	0.6256685986789056
88560	3.153254381017869
87072	124.08569174881754
8826	114.00456207541033
129913	128.57452336031625
70819	130.9712932160946
88428	52.788023524998366
51059	67.34813571880339
127384	98.5801643070246
79124	109.996945330303
16838	113.30749214090731
93469	80.260158311017
80343	17.6274506777859
10179	83.09358376392186
48582	138.6465683799409
58465	90.72511271992232
142171	93.30582258152194
28755	112.50217645171654
7458	134.8219912837508
88036	107.89281233949234
133893	121.21434890015395
50984	130.95618284855777
