70970	126.38537114786236
61258	26.121039937799484
24195	24.57474108685034
107381	91.96811873915581
139922	117.89056418405744
65971	134.91710356558735
97851	124.1252933932642
133089	34.48305643636507
48450	0.6945877402384467
102163	125.7791761381975
132851	96.52098464770089
24578	0.19006185746144774
10305	0.1804224862679662
33285	51.649008679940636
99516	0.18079763575574184
2515	2.5589434654903065
109786	71.030687569328
134597	106.94338256376741
27639	49.77041607466339
57410	0.3823005273534633
2910	0.695162897313716
33657	106.06454664999893
10167	91.29984215205683
108294	105.58189418310587
133796	89.24221199470064
107550	37.96675807074338
133661	46.638126742289316
21684	124.83030690493767
67326	0.11729529864917626
100366	81.70989400716627
106022	111.27469287332704
122283	15.17905470267434
32771	106.34547345864748
99871	110.42971510585608
138536	138.06220397801283
34135	122.95383465021037
45112	137.65388803038684
141139	0.43377369697507295
109537	15.134553554803515
100193	65.99182511228662
49228	60.66930791321815
12683	57.16716905985605
20966	0.7953518575019631
90805	98.73629480721138
21263	97.31786358372024
135485	70.65436297498388
33201	0.14432112965424432
8273	11.331478693765206
112302	0.4840857502183598
100926	106.04198607380584
85762	112.3749984404471
6191	114.61950037015848
99351	10.598565114737408
59155	126.36859587098085
38498	119.85608789204619
130258	121.27643075686687
122886	0.1525455294393455
133566	24.267038839775076
112909	101.60763246232608
81917	117.1441712925774
60626	0.6204192636533725
105583	135.95736846398776
86250	128.3483069662692
53038	115.73921624474764
88943	110.0545944310044
113541	10.887533178757474
59375	118.86211058896909
107717	91.27977982789038
46544	23.87748538513406
38546	98.500202082348
98567	106.34579567366104
92114	114.3105290381632
42160	86.2901388718509
32190	0.1876072295738034
14149	105.1086473643779
134794	40.258225360079756
117314	0.12521749172952784
69519	0.11925594782623847
87247	121.26079655741346
89688	94.65266539125584
16023	106.16071542542684
42813	116.89566555435313
128740	99.83662129980372
39762	67.20412047674061
36191	0.5354374711824297
34807	141.21129117035198
7491	70.34607540709202
122182	89.27071897090806
62601	111.63783656170925
74470	80.72495678929947
10334	32.42307334214137
46803	138.6093568055318
60210	7.425078369626402
62074	135.5655348954997
81837	129.038696711803
143403	104.7931486052267
23157	116.10546951283797
101660	0.15390944141630344
113677	0.18150816779097328
9889	68.23841292898418
77490	116.62295547111296
87009	45.6290952289701
38414	127.29218035866086
95661	109.77340566468234
50951	127.93808424216245
10760	106.68317160103801
94034	106.90407222732395
144954	126.99610054773513
58581	53.006524762476154
84549	51.67931683433957
21914	94.81056221656263
68383	100.96214647942608
31607	111.4521438297287
65698	119.7697709980347
47744	98.39886143097142
21986	5.7493613986105
76751	0.12071674682726898
8628	113.18877481210627
52790	110.26264200825582
132624	34.4780912223219
55565	91.7222297043589
6158	104.48772594152803
14908	127.57009908250616
116566	42.292701786090376
42130	0.11751992896862028
48949	125.98935007539005
89983	0.6215252329367386
46170	126.41508207127036
108149	122.0809730935346
70741	127.4544047605857
34545	117.16627177876654
103665	120.8771359686696
36481	140.9075795873348
63864	106.07804964799871
17123	127.20089520750439
95361	85.11874870444868
24351	79.44088834902983
28197	0.3834457888527916
134877	124.8217687635049
86988	100.64340269617342
122233	109.76537587552708
116934	132.89012937702196
56312	0.44782336838111053
9524	134.37225243377583
68373	3.2848304693534
103269	111.5939720144081
38601	136.9639000075806
94115	0.6256685986789056
102462	105.7195160668871
36991	130.09208252795355
67076	48.293924246477594
17184	0.4474521615304953
114878	0.41562964329575197
103887	0.425436162412359
5300	134.58569866121366
33244	76.03287538587084
47072	68.4753220704094
30825	128.94371751274122
108451	121.83114286237574
3524	33.42526891001892
132295	98.16728493669876
70939	99.7604802925454
15238	98.3477108284177
68839	71.34926487707907
31687	44.354064881461824
83280	91.35116808605311
56397	134.46411045757725
113786	24.114338921215037
31949	59.347278984318685
129070	132.31834657776452
67604	29.743593070277804
86392	0.6487923605861863
23921	0.6860456795029819
100122	10.272579609031467
9592	11.057857645331875
11579	53.12522597657632
53507	0.43331379909021095
80492	0.114886819167193
137910	1.6701619767758642
90939	71.78465866920196
22565	92.43667604675359
142820	134.63584186451686
95217	109.42844325496637
50002	60.25846865946595
64767	96.94660987631468
58330	31.223856824249115
136996	10.578563276277011
120630	135.03371220581025
13237	135.32366015717614
95861	97.8668431005032
6108	108.72738390256352
144846	57.684305677055704
31737	45.93854073553963
11318	128.42083135665962
23915	122.57437713460016
32246	11.213511336094829
78945	54.63591728012726
77457	119.6829454796929
92511	111.36190889945024
44893	135.02279357051603
75686	138.5597109261465
107762	90.94949925698312
22774	103.60243959605776
104714	96.4462696161507
18038	114.40065550321711
58813	36.38405644483006
92361	0.4884853851387632
45123	0.6756896138610224
94321	114.89819895825741
27139	120.38592366426006
20303	100.0434209923096
128656	120.50456277153995
89263	107.79821661082879
75947	116.72422281327528
93734	60.96274460907382
126362	58.51095797594826
85899	133.72345023634207
117775	0.43012970471824746
128245	0.5547807348849765
79155	18.92000964089846
35193	105.80123826499887
72145	89.22981124432899
109974	26.847364682541972
42824	105.43212767506544
11496	106.93983451366786
1259	83.25578864970284
44389	0.6214386519632425
128852	124.48204303574522
17578	110.6192565210527
30785	135.37495277392105
27403	48.793641101061105
12310	110.77258685736707
22252	113.56812230978261
128418	127.72011802901427
94686	105.1457620853842
103076	129.64167946820672
101092	71.80390473324047
2800	73.85012031908936
13808	24.120952371948444
9354	123.27676571645873
51315	137.13565768162115
90278	20.08078915808504
87827	106.90814851026198
113308	39.46950831466751
47540	87.51157338365641
40562	134.58612287252413
97981	119.45002340872036
99814	8.892100105621736
77782	93.45519116719667
60733	41.86393078294796
115504	92.34868350838904
45022	78.69011887608829
109972	33.527882672907644
88246	0.43745162963746564
24870	123.43711347001693
27584	75.58924184780352
70801	92.72852644077619
90353	21.32965556558838
228	117.05878678948633
125925	91.41990332146983
83131	0.11613277129236255
27667	29.571987205189373
89016	131.67455165696146
13913	116.56719040527565
79641	102.87154891646594
33402	27.908484295269297
24077	26.25740517897612
20651	41.30940074416127
9449	120.84619253656778
24006	15.157208029228984
137353	87.7108078750697
22566	103.22982340055853
139056	111.80507381033617
101309	117.3567484692332
26630	0.3803981497971755
12688	35.64012763157986
111350	112.73124536511038
79014	13.794292673946831
109598	58.13039326476532
11046	30.73189308867879
89755	127.98157247450185
137753	0.15086783228895104
101165	68.56886761434784
129616	132.6928917779735
93670	107.92203518871762
79448	16.168438184157807
18167	0.6369425456066852
33198	83.56573608011858
45992	105.22667750456412
10669	15.002062741848066
93011	138.577585361937
139955	108.37671983058996
69937	105.25432232028878
104262	85.74617733063742
137878	27.286479982054622
143101	123.32977258633512
74110	100.54627979381429
37171	131.49313784500393
60158	106.27338674954278
15879	126.8395439113177
5879	117.80893690777819
140133	0.4346223689231872
14407	124.14493864254055
112143	122.44604391501841
3623	133.6618921680136
41267	116.75546460971928
39102	130.049692028901
68722	131.05570832751425
115335	126.99247284285742
108457	0.477841643521112
67458	26.3167926776213
11456	97.59476381495506
53199	133.7090631012616
36808	31.347571811889726
20444	130.2635924525624
10989	0.1840081157444667
119949	127.69229048531524
85024	0.15370811486194078
91028	1.7117070885788706
122451	42.07883290796487
72940	26.129951659847592
79443	86.5601157766586
14335	0.3855901403911425
101612	45.12382862320435
78669	110.70124198045512
64451	99.43615504209762
19342	31.054131917379532
70647	0.3765729994481155
91521	130.35880640009586
42390	74.61346329102304
60315	55.70411493417538
135073	131.3511001005148
105922	124.0767832707408
72925	26.736774552212637
129429	110.13696812422182
13396	0.6431980771616761
80556	59.659610607056216
17538	112.22437818360953
123271	106.91524626478608
84464	13.394330922123917
37464	103.08931582296326
128113	16.915314792463548
118462	121.49836778937583
40450	134.5527538261513
84505	112.28974117191781
28590	107.84681965884494
80020	101.29354101239448
17180	114.56053275922133
117074	36.45557189568976
112038	0.6817812954350629
96370	103.03999802914912
133686	133.12428810998873
6571	0.4102239301073163
22600	127.9189186834491
21062	88.75796251330307
6999	88.5293792393861
95382	104.612577312113
117164	47.30402420087031
141127	130.91929968007116
48356	140.33834512115214
144977	0.6506998790932154
97676	137.7633354274881
135645	105.6534175228338
90164	73.40853804650833
134089	125.81654513042258
10486	68.4799830653499
133195	75.56939696346798
141753	134.82485241488962
36663	127.45084591108565
131010	134.3837581209577
68510	0.7090291907057801
143019	0.35879821835610093
100642	0.14392503477417673
41559	29.883159803131285
88886	135.99733348964898
86634	62.010637998850136
47252	130.01231913472603
135284	138.36492828115092
134834	0.678734291767622
11847	127.25012870433142
53434	133.71726942632986
139590	121.10545237120171
11763	137.68036181539244
42116	70.19736455851167
99439	59.57885811894696
109450	99.76130211220611
143068	97.76523483783193
2636	136.1179556227404
1128	99.2454041982958
84012	112.81407494694534
32916	93.69961972443109
12204	95.20662193599657
21956	0.1197013500894857
51382	0.6369253421661578
129035	137.4094611405597
73876	118.27303652032431
23225	0.632930910036811
54028	110.50709001750528
112752	130.03186228338583
48389	44.14080867480509
21380	55.099395144728334
24472	9.164152623281295
133500	0.1605214483859027
116679	107.92306097296107
49636	117.2577053606493
32266	70.57299218320112
68099	110.16896639926162
8251	0.1810397608759783
99303	48.74810819828535
75957	21.65299451329686
53691	88.87199519213473
93729	110.17837082663117
3384	20.429734461681424
79810	31.407011474739264
78240	118.80488540386516
137991	115.92087629477636
124246	118.4423562751185
24607	70.78375282032519
109117	108.36503093819032
119625	92.06751332355583
67240	90.93927663881038
126899	113.95474454416771
62062	0.37524093875030345
74375	109.1887059183105
18350	99.04421829763263
82605	122.05890711038305
71147	93.1603306198024
20094	134.77095481417146
93902	135.83459543366698
137921	10.032716041160722
123540	119.09964310444528
117478	82.60925847370639
109789	49.77770043881769
121714	101.2812366001272
123868	98.00289675959414
39544	22.428062862952853
127597	114.50839707237355
116079	99.01740021169975
118177	116.78721858748862
131700	105.55496445589546
67271	44.884346748343155
110207	27.64836839509489
87428	90.9653105073353
27315	109.5339665851571
84428	100.60948074841356
46696	96.18613026409263
76134	29.123178674020075
74955	112.20994554231503
30235	73.9920669030776
58438	54.91472299856456
11640	2.727890242026951
103743	114.22458280483293
93609	100.4666840688817
113144	134.3464289274513
51755	106.88058059183122
123007	60.87265844734985
143256	110.08430220466445
21476	51.22696601020801
127520	98.01063126695968
80343	17.6274506777859
99415	8.871685964732572
20083	139.3651288392767
3385	22.153448220971246
17360	130.1661144090966
67894	119.31972690283047
111028	97.71693634963238
37669	91.14371770746507
141491	3.129244853971219
5085	106.115430595808
120688	103.92913606368559
90875	0.1484091225103823
52004	118.33598949759845
46733	114.09767942537576
113820	103.32289509999826
7407	128.41288453776752
89170	89.98756216071224
104347	133.54254779321383
96894	0.6339181396534357
9177	137.1362785538828
41039	111.9335409545994
18404	76.32578903295196
108019	104.98171014426349
93746	133.7011114354581
112578	136.31604843635645
32710	119.83292218497229
58691	0.20136499524588203
105687	104.7512851766331
9680	59.104463928758335
141241	107.93206350303073
14016	92.4686308032491
82587	82.83585743139844
106572	141.72424211835337
83045	20.764069934048646
82401	33.342586910852745
7679	70.8047619692825
133024	14.308495885736942
88015	127.98827665905881
97164	11.452286325251487
3747	116.36119168934933
32237	76.77516946022271
21793	35.08935716029515
27594	15.417650444526519
53540	120.60312854371097
16083	0.48510797865519567
135319	118.13714285607415
115617	125.60246318475009
42468	123.70015320824818
118768	97.18566640506774
89536	133.681085786187
24141	84.11544005238277
58673	41.33441928326857
10256	16.90839864310192
114994	97.79381420812021
71577	114.31831690478802
69578	101.1456448906389
86423	125.55381521520685
77842	100.47753271541501
49124	139.19596866961507
43413	97.20117352985885
128992	32.387414058894066
21133	19.601316955879337
131678	0.6213152544789123
4689	89.58790272398105
54481	122.25901520791952
122048	97.47504850087878
138797	103.09537692872668
114318	123.99911810790167
74068	108.9795185354786
33711	95.42601210834694
87046	62.460825407427016
35661	108.27619017129508
82854	51.60218705486281
77922	104.47736722708814
90229	10.983551648548179
59893	69.36893633367957
73814	93.68603235473095
90290	91.52333418063239
95503	101.31377340630335
14075	103.8831928292056
116341	128.1005102209821
133368	26.031654497730162
123214	117.81293311140897
63950	106.28749347829536
85418	129.30293906166966
60931	114.86081857777312
1013	112.0917324976132
44933	128.68991993771795
26250	106.1182634107124
32785	69.64719772553943
51091	96.5064201157189
110410	124.51419645183826
130881	87.32474420155177
10774	7.584404378761781
20465	45.342699512809446
1146	95.37393148232758
126911	126.7406885186224
51742	119.70943163769157
92127	110.79947714147318
145499	101.37672883853202
22533	108.51815465107155
135675	107.35399627815733
145593	125.45239597500111
99394	81.37479689602718
59008	131.43920027308116
66906	122.25982137381112
87539	129.78076544023025
9839	23.705391835430987
80777	98.34941258343426
129548	89.97315243746566
27916	0.1970491654625682
113217	33.79490129448022
126176	112.72884324619861
36823	119.5934150637293
98171	2.75374075098766
15442	113.05697062298239
40490	0.6417838154041693
79936	33.28494870906942
55875	129.95023385881493
13571	64.673715968475
26579	119.50847335174858
98063	111.96881421597307
29288	109.88635890126679
121149	113.94694847600867
79428	0.1419937883885449
75376	102.38903506151887
83468	94.92624019574897
91999	30.243454364527967
58370	19.967862879572728
105170	14.134137053529791
74106	103.86251093245868
87061	46.23911138247746
71667	139.6790578310973
10463	27.980287987711154
9494	135.22115373542206
102054	119.70998103512925
40830	128.3951136259252
99356	109.49247806728847
5314	107.03707947415214
97462	120.65252441096517
50480	98.53106996598648
69553	119.8454899062309
79202	59.33849282036325
43202	86.19658190301807
70783	131.74766209122004
47372	132.55706645709233
128775	127.77795850183317
127126	77.92200041067389
2961	116.11791199520403
80007	47.44005144283158
77193	116.13289755880976
112592	125.20234645982126
4820	0.3692657017604345
106983	119.56387507994421
8247	46.41209092551573
47739	126.65346469969046
16119	110.34031468787276
47892	116.94412088780275
98229	116.30443995316976
49615	100.9406929141189
62396	100.63080889453606
133753	62.92723769383709
108600	72.42774288795482
144613	138.69364978721444
10262	98.69653347638825
45382	0.42797047333864124
119547	94.30750261197586
111663	90.40672873948797
52118	37.08794683887411
91059	18.554370614386553
143681	100.3820673346953
42778	128.31294929099738
22922	103.50699999242336
119762	103.89178963092968
123205	119.68368190807314
102595	87.56904890031804
20151	0.6851207653013887
135208	100.3013780333045
37660	86.86045083485193
129051	114.41832881295745
134335	115.04992099641018
117344	7.607307958548245
132603	133.0613582722423
37216	94.95980855854977
81565	97.02871354113739
76571	110.89638431030062
97854	0.4178422108939196
6866	125.36749887248176
118743	103.06643619968342
27059	102.5013700747064
32010	28.808392799569003
109445	15.969798375671864
118802	109.86243022286381
119892	100.54732943887855
84879	28.313224154359055
67290	130.19808216374702
123809	113.49911793534304
81955	132.7270882792759
97116	105.83522614056773
104913	111.19102300200454
35459	0.4993657469429203
25121	124.9510063205663
85732	117.90847427716575
52186	125.82489280631076
89694	71.77308666002895
110092	68.14159966989031
49767	115.11988171419243
110916	115.11914021112533
138704	102.47786484377683
97245	118.48457852939012
26310	132.54503370219035
84508	91.81520212145512
59947	0.5553575284465032
116587	128.33051430898593
27534	43.64010990047571
73863	92.2107568064977
8302	79.44132189925786
90283	58.93426762139902
70809	106.19280154040027
101926	114.84239140262511
23669	112.80173119811589
35385	104.84174220119895
14101	88.43028301002437
113044	106.822572146373
390	129.02733360472186
31739	68.49040128918034
75553	125.68972644734795
54347	120.2342135929763
127055	0.520787056277515
91806	125.25086984116132
122686	38.106861860189305
87397	110.57031519474839
20925	135.34035447542757
85021	108.50779468702562
126387	127.03724589072833
8066	68.77794225454352
34756	2.791419800700619
79858	78.0922560148685
60900	0.6396969723919171
8047	45.067811546069606
90179	6.647588943061298
140444	91.59548081265905
58309	26.732648185750765
53579	127.13990600433291
3647	79.11104039853227
74981	98.83711244317355
72281	108.9954504084192
41230	45.996839326629214
12914	73.87735359398721
114236	91.67052905033827
58203	92.99577062537374
137730	94.93114571249328
105127	90.17520874395551
130955	105.71992257873899
117683	102.88828469633393
127914	100.41751318766856
12224	24.124456091444102
110128	89.79207610245311
103869	93.34104025091175
136053	130.95432254883437
108340	121.43398906517373
19385	18.600639783599053
107783	3.039660613772891
115993	122.81658362815527
127310	0.3657342018041622
111152	126.73457532702608
2669	114.46759166560837
125018	124.17552340548458
84698	130.07945247153415
52840	104.09981658537737
45152	108.05941159388969
36309	129.55997226813238
43263	119.95525451245054
93174	92.34111580342126
112130	86.82234803374638
2813	115.25730637142424
92419	126.52719188937967
114747	125.58144933278028
133308	39.13540375091533
102741	49.057486616351305
59666	124.1605034531789
1394	122.2285114087176
60278	112.3236707614556
62737	133.31815100305604
118920	99.19136728009657
71142	111.44702221442499
100123	23.891498154392394
121431	0.38367287660348337
41326	119.58166631077565
141962	90.96821854431401
90018	114.86572965412542
74614	84.32576891502666
98754	104.01740156744849
24877	119.59031535681163
24671	69.98422418235955
125966	116.26137098091992
108064	130.28743276781842
55290	104.59976205633153
25031	95.58989442938204
923	104.06483466191804
97789	116.12199365377468
83114	60.42079365007592
27581	27.90121164963986
117424	61.63547003936058
60995	136.1213926155512
90529	90.54996550869343
135468	129.61356906230364
3792	0.802892712715498
20830	87.31157983966244
22578	119.53951405949267
120213	107.74874598497412
47686	0.6339005180748467
138381	109.9036968502643
59193	126.44070161674605
57433	119.62845855756834
134762	48.160923557041414
49664	124.35042659255674
15930	127.69442773581686
134973	101.79835584593108
33059	95.61860064785691
58166	93.54335371776233
139844	136.83093246747674
99730	23.402112666932307
80741	100.23277634354803
27450	23.927411833362473
145065	89.10090401536426
75164	90.1862368421017
116547	36.76289220239538
58649	52.08113017151154
131583	80.11112408593122
6555	131.4996076696955
28384	94.30651239499943
97025	123.12328523670426
74293	134.44517940957536
7931	48.273914857079674
13208	103.15999216069203
133439	63.265717181810565
35259	100.52332232228233
30657	16.331697173485882
1493	98.15847533916282
93399	0.5750966101807456
53063	96.93350886478463
122160	111.52669302788375
125288	0.41902313245044104
30954	125.87988650374072
80696	76.06345774230418
8002	38.803232988662316
104723	91.58878824992756
113417	31.689330419608122
61936	96.64529460267978
84257	112.80769343868111
58368	91.67563720698102
116364	94.68182224786658
83882	115.33901664185638
124086	130.41418019928477
109590	31.945042466352422
38705	137.77719689088116
66167	111.9883389247045
10819	5.6515885611664975
92049	140.44969941139507
48062	129.38133342393368
75888	128.76435277566245
124945	45.63809715959417
11417	143.0777945676776
145614	130.78169260889604
7988	48.15344685631531
30534	0.1265917760977932
882	109.56719964451491
59206	46.433626527745844
113213	32.89880294597401
126931	101.16200723501044
50366	132.1256736740999
78760	43.25573860251434
99244	13.313896003960213
14121	0.7156340590114723
49467	106.85843232864649
107362	88.74981520280595
78375	128.7056343517399
96299	99.96275050360997
131206	56.707679530540744
116614	59.42411936230756
24256	64.42841810514255
134739	107.30922520830448
137336	6.0250748087719375
115928	116.67759975071223
30542	39.835289781597126
31952	66.31133339800209
99793	112.77958311581322
124763	107.73608982521878
44972	94.58346290934458
66493	29.465364508446864
8222	22.983718910181775
80324	131.20571626938715
91840	130.1635794801511
107338	116.10073611146053
4678	94.40103023944341
54828	129.83623457932106
2450	121.60820969188106
114440	96.31804290227363
29039	90.13218946643322
109431	117.01895685337473
19246	20.82284862802301
122602	42.88804987584183
129957	40.69127060514046
99492	6.829874707468716
23428	47.74380925719435
27915	17.771323473069675
18021	124.58681792679492
118718	129.8769610448432
94097	106.78441913571987
1898	0.5855252339008992
143770	89.86050585365696
35970	105.38350812227154
97831	109.96559686709591
50857	102.52396659644862
40146	34.95910928879706
91015	31.943200252029595
131945	0.4393035423360902
85419	122.41563279128822
20853	29.61379927673562
138528	119.50040263835758
60036	126.04581412951148
132853	44.04770643382237
117102	32.910332644202825
76303	124.83522556088045
77864	100.8701987260251
100596	25.307652067154287
111280	112.32180458610601
32293	52.82660626097154
86766	114.49990046215554
51317	135.84219997022612
3103	58.3187728884454
48113	126.74331520455306
64585	121.60978354240936
32719	9.94438798046255
87976	102.76863440055189
68193	134.65935487086884
103659	108.25274820601494
61229	97.0133128278843
21561	31.82206410558318
25153	121.72798590420055
143857	107.4090831127825
102913	103.44810230387827
102873	0.6111443501482449
18096	30.820104417024105
124792	107.81537369827902
119810	103.00874740517726
39149	101.52840393374447
13278	124.36640109289554
109677	113.42550741502748
64049	99.60146045269039
117859	77.81841717243843
130429	104.54185044162065
119111	84.9278338630345
15367	141.61119488363164
91463	39.67230268951428
34442	0.41734697342600907
41571	121.52996939893657
2116	114.68923924704886
83910	107.73692449278845
72677	115.0517365074183
93245	109.82598598896068
19662	106.31358717086609
25162	131.68991100975416
50110	138.88501780609565
10549	14.141116566680271
60749	42.946935184948
101526	88.8541978795867
38767	134.8185673637549
24834	82.05984920989117
133044	71.3411294433431
88260	124.65878229218876
99414	52.32149289080962
63903	129.06387810885428
54943	91.47378550019272
112733	113.35970035550928
40355	93.00199529380203
73239	0.712780590402646
13145	0.681100502425151
128985	57.836149315194234
4850	93.8888336560022
16927	0.5109959627402552
13716	85.56069683311374
117101	85.36497819757017
60847	122.81107582241798
63601	140.04825487899842
77986	128.85551419439386
100695	16.707762135423735
47730	135.07589173320187
88805	102.83316231716024
63852	93.72172369611442
79647	20.57280896321465
34489	102.75755738020239
43266	118.47383550213445
44341	111.08791456575312
20010	19.496802963459427
105401	109.1176855848127
35787	128.20893385531392
16628	111.89135855629986
19743	135.82821207353578
14985	106.66526224063632
137416	17.706559833383483
128719	133.89381619383045
65951	89.50345381099352
20722	116.62498374380169
104239	100.28970471014283
16684	131.97767452119933
24717	86.5577149319079
128714	113.39616983326611
66894	113.6043940228197
37900	112.90215740260162
144022	105.47834189577526
13390	130.55225363759251
1501	100.97141577203523
85201	71.44494737630866
9446	125.66391120749843
126424	104.83523378457065
50270	0.4312176104823289
129220	94.67228551569865
2557	116.2951628752103
96929	138.5867467935162
94843	85.94813958179479
18410	128.45524997168806
80284	63.06912985220745
142544	113.08406411373709
90207	34.27542939306262
62375	132.65703034790164
5691	114.418710276306
137589	14.220265357661424
34960	121.18863195709946
59670	82.55902661121712
99444	34.594679323335974
127469	139.82383320307684
130507	104.29600028163493
47614	128.79647587685832
95125	0.4148371138839765
72304	0.7203348239651932
49660	115.93625592560544
38327	60.262719867357085
90711	46.47937266625896
123028	58.534667150477816
121465	117.67716879786308
16340	122.61318185854064
55353	16.63238675037039
55591	120.73391266636831
141536	128.90110281276293
6894	2.5312409913841973
120219	96.05433005322553
101410	15.549416114246768
100764	53.46817782147848
86574	111.75910324533807
124728	134.76386722752488
77844	92.48517245505813
75335	118.8011436220516
39354	47.166074171412255
87179	95.94503094500759
139635	103.0575216182311
74930	83.95593179259726
69200	66.132817014838
128927	122.41961109050341
38921	124.69897511022933
62846	119.78354920457194
125620	106.43420152588513
134649	113.23563306301955
113014	106.54877912949632
78873	23.630835834548222
79250	71.41775296984537
48807	120.42171608706359
137424	48.60576808376749
86071	118.6113422518554
123422	111.031603143274
53279	128.25743356342917
42729	0.42207264823518403
18765	119.34535277202538
52906	88.36523197849154
68142	45.3060798934739
107673	137.51901293919337
42237	132.22545550279705
141358	103.68174096027406
130068	24.09213753386481
120585	114.45129033552274
95153	116.13209665258559
41254	0.7047597335421315
72235	128.80980025384991
9604	8.653089136928093
31886	85.86698688500309
48429	104.04509665287088
57558	108.31856332228539
49761	74.3740535193073
117393	18.404827606515173
45007	99.75465508773479
4449	106.35216399715014
10130	90.14156766690455
40925	38.13911618262629
47187	131.9766488568674
118054	98.22106754576956
57800	37.34595014504185
8443	8.547352975087506
79050	78.49716798179377
63189	95.6816402024061
125026	109.90076896105634
15547	109.33023707543705
136192	0.4071118118747226
106462	119.79297427717462
22266	122.27556292516759
134568	124.25573643191147
16876	131.22166622146716
124994	125.77417728825739
4972	116.89949170477882
24113	54.51194032216485
104880	117.45826850529002
3194	31.50177888014709
122547	54.53418125722845
20460	132.34566165477176
37155	127.05977512265873
84442	94.96581931885194
33060	70.6798550320984
40143	122.43999084516561
57789	106.05431836539488
5	111.10515562199707
116534	21.039843515874043
130333	101.24759967320614
99576	87.5538224396659
63116	123.33673944977977
84435	46.57747627851136
27870	20.713619230396638
100818	1.5764601351500551
46580	52.35568049784635
108505	134.1522813384612
22392	113.4927554574039
111829	128.55707685457514
99925	117.84616096593885
128249	104.39196530544412
10984	108.32937528729137
111966	71.59536926047542
133209	55.87667319358683
9664	14.02083767881593
46992	137.85676818452444
121849	101.53153657460301
138481	117.96751335688246
88113	120.235940381002
68580	103.63786219579316
58728	82.27402552157872
126639	17.346699025940737
24270	31.524740786825657
27828	48.553082158767
12318	77.24319154850328
30661	16.24210166586216
48678	0.5476840505357564
114957	135.2665384335869
67879	125.29936560974048
117021	109.76116379767062
98885	20.761805807675113
72729	100.21438898776593
123002	34.4731565533507
7989	41.792398526016065
73251	63.889367131102524
40246	0.6771981508358111
99011	10.220644971431684
136977	15.639110717455521
137472	63.51505160611588
8918	117.20541475506138
84020	125.22437002279261
119199	114.62933355456703
74926	107.00830130441706
12268	121.86597621663076
99353	108.91108516739106
60119	103.24948574846732
129234	0.4374275640154816
99729	17.223767715955965
138209	132.06063905033207
143695	88.55887164692453
74848	98.14896385143483
45711	2.788324995869324
9472	116.6620924326362
15526	95.54957359088526
80299	25.08992802117623
132242	133.03646134277932
59200	101.89615461420865
84602	98.62646522990232
48574	93.90785219022206
86870	99.75125220624828
45811	113.68050447302407
92562	109.61939989518845
20163	32.87533446924726
103550	51.20091057279369
64323	101.85365855170144
30040	88.09108520899242
114076	117.58672896252082
141999	120.79985391053319
139243	71.14801322880834
81993	109.93271371285117
75621	115.17204205644941
74865	113.70520816957888
13943	131.76199362324374
74831	91.26129206766454
113567	32.698844350481714
33128	21.38211210927525
6726	127.27833489852696
131935	126.39393796340505
52575	134.44211174283862
24138	31.33605784028946
12854	57.135726393410955
54566	100.56057014669453
113470	25.54549930131434
8235	5.1217836693639045
89500	102.09547187059107
92663	106.16507094855368
98473	136.3148673237188
133892	0.6188948761819253
51697	87.58359019691933
137687	73.25550466786517
139582	133.64012472587368
122276	96.81569381824643
10531	18.052173038477743
127714	94.59231459049889
5915	118.72780525189066
76390	123.73179080304175
142305	136.46166679026308
116321	117.77014602832958
34205	99.56814129961963
125113	98.17254284069531
124744	124.0873904115422
23483	37.7184576593834
36244	122.17833658676066
59507	128.4338837381353
101372	58.50762915943333
55932	103.82181606145113
128185	98.59300851673993
6125	122.30894324473326
109101	121.37772349728661
96959	132.4618221221137
8442	61.20007084345257
49931	128.46833941120045
83532	0.418544238903616
133204	57.013500036588
16251	103.5767450283232
29851	107.6112581766819
110407	102.30083811445192
119827	102.43944452423645
20464	59.84830338103938
37431	130.9750342387648
138875	125.2845402993866
140639	138.8829945211074
6024	108.08144120117262
48120	129.84188451211475
108459	112.16102732614536
69996	99.86155807669238
110217	94.29681364946944
4735	99.88311052520638
71870	40.86179507561831
112857	111.48744349481169
70836	118.73324572334971
87296	104.10394481892205
70124	109.40697152398408
49830	125.58456509724255
22426	128.5068477516134
125396	70.91414620045545
90960	67.4345194016153
76819	97.16842946733617
65566	106.88281980214762
47092	54.86582766838072
95789	121.29432394920657
66469	122.79290862597253
10764	8.82048752802782
97138	28.409564047308667
104428	134.26746144994488
118374	122.02690932402854
97432	129.29848160642393
127303	97.57954797105288
66899	115.85782396334753
110355	55.80051595144288
46490	0.6681497232642079
137084	11.383513420419481
27757	111.13611933748012
24930	129.6185651358262
86182	136.72145129965386
102013	0.3883409015782184
24861	110.48412940432824
142205	0.36496645243083786
18748	3.110387430807844
7583	45.509528159098856
132964	103.39068835041289
4473	125.9946593969875
79494	51.442705715776796
93402	96.33725986548855
103045	81.37764272717553
84031	102.7899161286274
137480	28.06790859746674
75998	99.91803335082497
7935	10.21114411032314
126105	90.24983697604043
98770	50.414423210081
28297	99.9680616000534
79651	135.01697065810123
8246	97.01583410927573
323	114.88120223986189
7662	70.83537062868115
56889	133.57153915599667
67509	0.9000334670069794
81108	134.4633586964318
83416	137.6083389642163
23002	126.20458844575637
93289	133.44951985082355
26157	96.19643275622687
123429	106.62644411806906
62753	98.41019119024898
32570	99.6339234304397
98788	26.094758739318845
26857	141.85766038789842
113594	7.908792020814563
64090	84.11872757869955
90810	35.71766306799283
67640	131.08427250237858
41731	48.72896458128629
122973	47.73459204102686
96138	111.77421761384969
7309	133.53650430811726
77653	126.14508151125949
116671	29.111562641928913
137400	121.16498489361146
50045	31.841168600400344
115555	132.7511114272716
83736	96.93972351779104
31595	107.68542333531258
31794	14.911707159317158
45268	126.94618892398697
4063	83.78525770387641
101121	89.67409139818706
3548	111.58306544154128
32078	77.57858022182513
133683	115.80781962934051
10547	8.306659156248333
84977	66.06433979002722
38918	120.68007032809406
68170	124.95951906644726
113100	58.041259485750416
73203	108.01171424512788
88140	94.43695294936668
66337	128.85268392183565
137467	91.63556549473738
90471	18.77187969578967
36174	88.88780575953677
11547	103.18135112434722
88288	139.3672523109265
135702	108.27876420820891
95260	111.80922767400568
48631	123.7940647514944
26291	105.65751330255553
93274	77.33568129666752
47828	28.4947582404396
58237	15.483569366282921
70681	98.92065745808668
39339	129.19070334244313
140728	98.98812551103696
91286	0.6779045955458683
95800	112.13637905315181
6178	97.22505283321813
123605	120.96162279053273
70522	131.77282367370614
142828	101.95835609435996
72609	138.0735894045727
120507	125.28810179173256
139758	117.75705780298618
105001	123.36434754152997
112350	139.05278775801065
134054	26.658922220033677
109137	132.24027111491898
41048	136.21251818556055
117539	28.213714563986642
60217	136.2190176858017
97977	83.09016499955428
67375	37.74524954343312
87118	114.23748286908413
110016	11.34131631986219
73940	113.35933408697888
39641	130.6667853343926
91007	57.77592135641373
112685	121.99401331827853
82473	116.64325486521203
40735	130.85956209347123
130976	0.5713302069649034
118699	133.9250978515788
115850	126.40371259311117
87337	128.4074302122865
49539	133.0832325914993
123215	128.9168600808051
2000	31.031416639238103
9915	2.3999586193937574
114580	100.47949902442178
20404	116.9418368868163
21882	64.17608565298873
58867	118.42227365776614
30502	36.63457831572203
112358	109.4617961477936
24455	67.18849775423146
97754	116.83744499255567
81646	98.03156296476179
72547	118.01367835445768
64550	124.51015530338445
90682	83.33809531852636
19780	71.56160169414088
113285	20.456753665420113
12628	30.858512529999253
139925	103.66778434127926
2350	133.97723304325646
33477	24.92125576522532
58201	16.81334271274011
26922	129.75155459747754
15507	99.78550904609122
90527	30.296638161937366
59772	121.43209379762831
54618	126.39320425579848
37455	0.3874242285662774
21104	119.68533215171458
132207	106.62704974935419
85156	1.8827556515208153
118256	107.22433791556958
135126	0.4333849393286633
119476	121.30113647351357
110623	112.78127190700198
74684	118.30146791887135
36002	123.83562697594199
58543	18.78677545043136
64352	120.34660534782327
518	120.30082971681949
31414	139.12487698179066
53857	82.18358597533407
79837	98.63576580105052
110961	119.83975355922644
18036	129.96480041075569
5647	97.50969784911497
86384	121.71274847100337
48524	120.58394905858985
133665	16.03449455266215
118127	2.9094304602793826
82537	58.33137226388027
32727	112.27067068917802
34423	101.6645195380845
125376	130.9999789823264
83291	26.935036665619638
92478	113.41822590467689
116570	125.88810157211772
118721	138.21799946122601
3332	132.5640572905739
132289	78.07673875309936
136427	109.60666327081888
90073	31.661092771107963
144241	139.17747847291875
140663	124.58281217406356
66005	94.37861615649558
10000	13.449072378173412
131728	105.08440143741919
49190	54.98424573967039
88554	122.05576766510053
99123	74.34292658449974
8006	41.211317450527964
49246	118.40682793062396
58275	112.18121646287882
43882	115.71843434822578
46076	111.04153388122758
24999	101.75960159028308
92531	123.39621484614206
83212	30.8284418873634
37256	101.62506888815652
133660	62.22499450720842
81449	104.41421475019766
125587	115.39801518925579
56198	124.97293206988844
27811	53.163556963975175
101808	1.7664724539436325
88713	90.9541740479239
1166	107.54722411508453
63493	98.47098707152828
90096	14.264559402561831
120834	88.16212109111491
33374	107.61662828819193
98787	25.542976815965552
32906	126.4511835555261
58998	0.40599938347996833
37894	103.99379252227492
105216	88.52218493603577
32749	12.81578100217962
142504	139.5558765221557
88359	103.77979204756001
25915	87.01607300021173
99274	24.19819110363443
53277	108.69511784932128
49488	130.90506188428424
14572	120.82579215124325
25713	137.49963568410067
80582	110.07240250398976
106335	104.45395163808587
12049	139.68264389117337
69135	54.64993914860895
86986	105.91678025475535
100203	93.71093820034835
31936	11.772367141576998
143807	113.99088161800417
22960	108.52135704594069
116749	66.64337288362803
101134	45.170142537291916
48310	135.04368992649236
135577	118.43015214523699
89893	134.75456822855688
10030	27.584316840857174
4404	98.12224259135118
84487	94.01543440804394
91669	23.190986495424184
49160	110.85930827207449
128293	95.13909980976871
110775	135.279127114957
113525	85.89149234928932
16815	104.73692478621982
15539	124.7384169838187
90394	108.57434004086052
32929	112.60966918809346
22978	120.87121808865675
16822	116.02513996966852
101741	32.21404840975877
73120	131.3743627561604
2472	96.03129413759149
144445	97.0264694496518
99725	110.66663059730367
130856	68.93845656714439
141176	113.97242981425504
145177	110.28900745540487
42098	126.68246555250363
102306	97.84549538189582
21543	87.28554726018355
107066	104.37799463039683
90791	34.509344330651444
60738	19.84050029143641
90963	12.884148338168538
122458	48.078561500564696
48337	134.3134429526343
41413	34.48954294813098
4740	107.09434526530035
96549	95.23667873079438
20810	85.54388634157608
78524	99.42503821016399
137470	14.556161952454877
96839	53.25259742980233
48604	101.77485525047064
46811	103.66911728519808
143992	107.52188427102469
126218	0.4824451044146826
14554	111.16013842317814
74401	93.51437532331163
117410	80.86392237784442
94387	125.3052974322963
91142	32.97898630471512
99273	30.570133185189214
106953	102.75431155463242
106257	116.30846908066812
7505	36.46423362845138
10895	53.97601149409747
101004	63.84981016896561
89947	120.0876646868981
51046	124.3713113591683
144441	87.99612043422532
124165	77.22600906628081
20591	119.10619348024339
8277	35.643104609352186
19728	93.73258348573556
88721	125.48384819835236
15225	115.06632185834465
99338	90.5344774086859
73675	114.68112049437946
92343	113.23771442606001
70750	103.58133178523461
22920	137.86970744336918
24406	33.799340249571884
109889	27.427843050379323
68276	133.23637070651242
137682	39.171677377490305
20751	79.78888978910375
103779	71.36392624797217
73086	138.2307566472951
15787	105.50727981361007
141484	126.68949057635427
73664	110.63854387945969
70559	50.944758625689666
79370	97.09492987948246
99975	64.99727126994237
43591	96.00198204793816
56511	97.49184396279347
8544	126.00899417819869
110246	113.96567215525712
90025	110.32938347210806
21437	58.552555341541506
38564	123.38356615011749
53006	111.05050428903309
126265	105.12194294608321
13168	68.93767374176028
41570	122.40709589014773
20564	129.21001917459145
68577	101.04783275329531
119364	89.22481642549285
13243	25.089871258387536
99466	23.542744908820573
35627	138.57042395420714
12299	121.66552782998609
78242	87.82432807787723
73366	105.10603237400845
68949	75.57693574251545
115266	137.85992603845386
143913	95.25208165545268
127220	102.4902676225772
10145	85.02371100704866
111031	88.04623966783733
70924	131.74202441787241
79661	104.59442255281236
10622	74.65155441444102
120563	137.12767628524043
123042	80.95165004206427
107533	127.51457016265151
66308	137.68702230897028
30264	79.6285691775373
129432	125.92746672217913
116355	127.10801081061337
103013	106.73944721694781
132759	112.70685614584583
95226	121.96387383013324
112612	3.88206477713844
99636	74.20397651446477
86585	126.09066035956539
33658	91.8435079299334
58540	32.03861401749379
55531	97.61808133660527
23625	42.19527589351906
121162	83.56577197925051
84958	24.542127438214486
87410	0.3649492416937023
90632	31.432946456417174
63656	128.59959515258114
51834	31.69463490028591
82677	98.45041685319197
93398	58.90451137931641
60758	94.5444220518905
14770	126.38957723801498
72564	124.59555246105502
91947	52.808271683186796
104125	80.34769571349523
38639	117.50769672797077
138926	129.91312137634907
141382	93.5993978983752
33725	133.49349790793423
96236	93.24091778569975
142936	116.00016554747147
72603	128.09585013458656
128989	0.6002976149679164
2561	128.89249370176506
88164	112.30242680754866
84120	117.67352386223547
20113	134.1805056720388
105157	134.58425263815155
1326	92.47857732671912
7764	111.07910168889465
93994	124.72978976576874
7552	80.0356202177116
24492	79.0825320250163
56605	124.61492418888506
143297	103.19825351426978
12614	46.567045348420656
101655	25.030083642602182
79828	106.27181126247123
80298	77.47545609423373
52623	98.3074546217407
10026	26.54939636136683
84110	105.14866976995255
16736	139.49806604450688
144385	95.62406033556584
80518	92.7670984701625
125600	130.7067540361989
144090	105.92718678192436
90304	44.294575645109425
29271	94.79993821257067
72114	130.42325731491016
114248	101.18586279044344
57119	117.14461137990564
69447	117.14353526818968
144374	95.38943735488448
34778	113.98885968153026
56008	126.87850551773718
100667	126.1554107111349
28916	111.84242081767883
133604	17.89440948893775
128810	105.36630413275552
24522	95.0681696699995
75036	97.93623713552029
117210	126.21925782845857
113625	45.57105330414168
127180	29.658121637678693
113345	19.048697882507376
7221	92.77158661625496
108192	95.26052603430907
23559	86.52916566823286
33859	128.8747566275216
109194	129.26261854924545
121254	91.2617236163792
101053	61.08533521160561
128311	34.200852086642826
60405	54.10750416148512
145052	135.20244571940708
70383	124.1920275126171
68260	40.340176133667065
54220	131.36635379675946
57345	104.32618218140709
145218	31.705600834081658
95177	104.9306151596707
113689	10.547985725854035
21656	64.32192662949636
93240	131.28364022112137
68160	117.32510916739407
78135	103.20543651469679
85126	120.24185609515678
101420	115.78416283689936
21711	112.65853359658841
72620	133.72390207079445
96117	135.86049648037266
74326	107.67737882751871
37939	114.05065959086942
90696	32.76780756703851
4995	90.76369155349502
111148	89.84530515165068
16886	47.33318016340194
69706	0.9508441291017595
32729	53.476691557403306
40358	21.826315757946197
116593	93.07790665853335
84886	75.3588010032056
4724	101.5524788816377
69722	56.5029094062229
32561	106.084552400265
32168	89.96096622493495
76406	108.98755156490061
61218	67.72396134173654
8295	43.80713638453614
54014	129.46948066524465
69121	83.65520430945273
74116	98.09160411885364
72539	0.6471450485365631
90761	38.14716588087967
71908	114.83090204980846
105959	94.45699890241717
27867	54.98597902877553
32257	11.188416180359924
42056	106.69464220894935
133846	99.57935758879037
24070	68.07552999490173
115469	91.89931683879804
21122	31.102504493863503
79922	21.80562982934507
74748	100.24034523013536
46506	114.34884620638992
30481	64.67638697938966
8306	86.02522466256868
67483	103.75760267326577
107450	104.20914785684468
52506	0.3795174784419244
3471	116.27678976543358
107248	131.74118451975875
103436	113.56243992323421
123003	52.67133225053164
71565	119.4335936252898
79751	118.85227021658962
27812	25.679482076754944
21867	26.93860175843334
6109	101.16025231474927
134188	110.75514711968638
20240	78.26638984798907
65693	77.7874332722013
86863	121.53305965105451
116603	88.59822916939822
124613	73.8331177316295
31252	97.87606870571905
85250	98.31810882158845
56090	90.48456647348674
68625	120.59669392936716
144245	106.5288882190199
16111	99.53577469491876
36068	121.42346006154517
91096	33.970334964296484
44253	56.50518963702036
63736	87.51374856474042
99499	6.203398210700727
59885	131.4277666927012
71717	96.68461234370467
62559	105.87870894796718
53996	97.16349508462307
107100	126.37873752623105
13316	97.78997506484069
63536	94.29693613215649
61751	109.5671967294003
66801	112.13394534918699
27902	15.437822223214303
145067	54.31696373298379
84828	113.10777347819244
47600	120.54304290107564
27550	22.220055570937124
8316	31.332911948527475
11735	130.8026844477674
23448	124.64401712643534
99705	55.896153221882685
127012	125.81756751944154
82308	42.69895907343719
8977	60.720918476622806
123022	15.283209424314286
73374	49.37005107119621
92470	125.4314406277119
66236	118.93110776318875
39012	124.41400189453098
99216	45.251797538472076
70871	96.33636283253102
138111	111.5982407431118
11032	72.58931907051193
103841	128.81298705196127
34293	103.42821757811618
20406	31.8440080574979
123311	138.97932093554033
99104	7.442550322108888
97601	0.6975244568908958
60551	140.5708559802166
86289	104.02668557768129
33422	28.790396608764294
59848	125.1334929095199
53557	122.51417649273317
126759	128.84806765301772
51670	77.43090088125415
71789	81.21766521622472
66763	32.7204393360617
64885	106.20580906895448
43034	102.50586305272043
79413	119.47957730478235
100116	92.16680687741318
70908	112.16398934559497
71975	28.4554863048145
16507	17.138164057668796
49907	98.19614970655546
46029	89.3729786957665
4300	88.9440128515933
5671	98.98874366430526
105703	124.47501896262396
78900	12.63985685986475
134594	128.85479951071682
76185	114.25896391569148
69236	68.37495501698011
57065	128.3979209311221
74810	135.32742314348735
141182	89.8780141657423
62486	124.58389562934452
91003	50.95496877127859
61514	23.217448180873106
8848	98.34815109797094
10994	8.610231712040138
49103	127.75211503680713
91743	116.53259588991402
34286	104.67553540183984
56654	119.93719121163907
99051	108.65546963629534
56995	133.30947085744737
90709	57.15897522141023
24187	22.930749203078843
83059	13.432021348070105
66178	84.73794347555179
101591	18.634214626286827
123247	102.61607362707637
27247	98.47254567146342
110563	116.84625877526528
82525	42.107494468618995
23960	131.5422560992047
140571	104.21265918860527
93485	122.75319800851727
37911	105.09223425781937
13042	126.80479334187793
84677	78.78547266652257
12527	113.85774898377714
142883	24.827281870760093
27237	97.52371396749663
25212	133.29044294288403
7540	10.676118607326627
52498	90.3780317272292
118425	36.250566880321365
18695	42.424272849282346
137795	48.87598358070027
24128	55.49619753046967
53844	3.2264692382183195
47518	60.45038735156528
2627	122.56671719699858
9891	82.40242155730634
39472	62.44848012910179
57592	103.72881842240055
81039	114.38269760046282
110334	2.208398113235316
139164	134.44518088300745
46355	103.08271710372436
38419	0.5764021050618603
62069	116.16257969733721
90595	30.95432328882604
52419	121.21313828861011
8100	27.078007305414623
142450	138.9685347502877
84700	28.875846108918925
126898	41.28754114434488
131696	45.527757681362836
21849	12.699856120497493
36540	122.56428714592474
39316	44.579537164603074
101006	29.16803872923902
11114	125.83860731509445
102346	122.56559727248492
79203	76.44007546506094
37526	114.69069647747719
19820	133.76141385724102
127186	112.51334255138596
108308	136.59374463488595
20864	46.61585794883429
45441	132.9640315040385
21190	108.79426698215772
18558	20.261985163769854
65270	134.67870349600432
103791	125.97972534014038
69619	83.23053048536285
6887	128.6098243772216
11103	32.70396537256535
98142	121.77182859762904
48516	109.11683091479598
101566	69.35177379897297
79613	44.61323043799901
1666	118.55280802613424
7956	42.79931996551011
82638	91.6868067858967
78336	113.17816720710455
105101	94.90243867548794
119759	90.34209024880512
107650	129.55927022108926
90786	8.894023165413433
144754	101.57698421185881
75371	99.54847924202572
53082	97.1103093127756
111438	135.43067446607336
80971	91.29516020670852
10863	121.23872295403908
58091	102.86798122661833
367	133.77855713493224
118134	126.5802470567387
24500	96.07989954848392
3916	106.77100195445833
13431	121.34682160108264
43186	94.96450277090489
125520	57.92758009998414
35631	101.6324443730352
90167	117.58914760314565
11787	116.09753278221733
105116	130.3817526628694
122829	116.65996166531998
124837	110.79884167002577
109046	131.94228794418407
82851	116.12583231987541
142217	125.61641813961447
77157	95.0020388032073
83850	115.99208168903846
5582	94.95764656948629
51073	115.05820445262607
81808	90.57249671054532
69715	33.136246863669015
27424	17.282917071173028
93022	141.2376998617221
49270	2.3022784429815646
8259	16.26608406352753
17854	93.05392128448533
131656	111.61556115483225
54328	100.57367624395489
74474	103.63575142269046
113667	19.882705883537902
64899	104.70836219356514
130938	114.77285344184622
138305	105.8773238893416
50478	96.76153923924934
117461	12.901730199485556
137634	32.52353917841415
90580	28.06338255032456
2959	23.940645555612665
18632	34.43435904528146
8404	39.1027539346332
103885	131.5755246156693
109173	102.64336084377784
125043	102.94523686011259
95905	102.2231435871496
23026	102.44167957245051
134882	101.62953381315451
128431	132.2610196279828
31864	73.52231066414414
102609	83.07863635989963
78088	102.64537325211953
22356	97.44771867222762
27402	79.68769708188559
50759	94.51380573100785
62505	114.31692213764032
10047	75.02628241570407
61180	112.83257720633613
22136	0.922862644823883
74421	128.92362172886516
84305	83.03333595766105
94744	96.01114658590699
91351	21.550166601431094
91543	107.67898059411311
24559	116.81239074490999
17141	126.19127280604951
108652	134.62580104338954
137097	11.158112089761344
23066	64.784551679689
109579	35.513623771575745
30440	106.89771054291626
43098	123.97019852137538
98847	19.66355600718046
29511	106.11372070497936
84467	97.26019590167328
75663	85.92909674732306
9937	28.16775367393428
38	107.74388723047335
129736	105.25674663453184
126162	122.85414786490374
62705	98.25943709968286
18180	130.95151385300613
21612	105.10850343204983
58140	112.0463600717566
101589	58.826727601934245
44858	54.80323547273966
77583	90.23805452069772
52408	100.58967097860729
24275	2.3996054589511377
131197	107.28438173536847
141342	98.64351105808463
30243	116.35104853442147
58230	16.074285095009145
99919	30.49309532783848
101499	94.52533573433669
79379	26.648585417017273
67438	28.909873128565053
