343822	317.27192525878087
334101	121.39556627000475
15254	306.61764662539355
136351	375.58353548413277
280306	320.74473276989573
405768	345.9848127922439
408280	384.4250949382804
490935	407.27597845759936
175979	406.8791349407933
95900	378.51889830438574
448035	395.59038639199275
342027	82.42200193414496
329659	10.873872948961177
306710	307.8942180352157
11047	119.37745886548748
386695	365.7273488018602
627	39.52920967144802
403603	353.9667356671516
327229	245.18338241624124
279492	199.428964287563
505487	116.52714628203952
269265	388.13617193441524
428389	313.11495246926796
146380	426.829121505809
43507	402.11339280289263
405473	104.1145134724588
420802	250.27782350425477
477003	69.57862215833829
145345	101.41449800663436
324914	38.3309634016089
116854	95.90017244804612
433372	384.866375587259
29097	400.98432399211845
214258	53.99178811583071
338243	351.4601908465951
299800	403.0120614951363
278624	377.2176984420337
253500	390.6731670424897
366257	366.41566587262133
278410	390.61057445295654
298832	425.621638770547
98570	16.791757729435172
359690	404.48885952269086
90062	254.41728827938368
252381	112.24883817164195
144960	19.639056195569207
232799	334.3440819310096
376293	70.8272371563342
225034	284.96816686868806
504970	385.35407725441644
488998	352.6390776731734
63969	142.23836055535102
358157	84.58577198116079
417643	143.34698385772188
486036	23.204401986616023
181108	310.03502677782456
402649	343.7052885290377
154834	300.8760866731779
108793	105.93846614227853
402040	392.03233312753486
195798	349.04203702711914
66699	11.581935668741185
347449	196.33329157752314
27470	287.6718877946489
290127	45.01206067605313
128517	196.23647365030212
507401	37.40914549848658
201611	54.019901739206986
30050	383.7924968831583
171856	390.6856721724396
89374	77.29295987479522
147870	428.96659084274444
361644	222.34660255992588
240000	28.55258224538295
414000	359.82298610338444
47583	398.65181460558716
481282	269.0059676830211
245904	325.0100115317017
432978	422.71324004472547
178474	317.44899561512693
309715	141.16305197127178
185594	93.03301995329315
24019	324.1274619181335
82062	310.9627935102459
68462	157.54602808618992
1260	435.0332923132679
267697	370.2970036759253
199394	253.9325032937923
422951	200.84872362770568
485015	329.44834265242264
436094	290.2050439566531
148328	431.5571754635034
192050	114.56775494896526
180294	302.999439163056
459187	273.88443652489013
172428	19.900515060531795
399081	106.60080035265867
262549	103.71327919159137
387621	366.1776199057572
90900	174.51210019132174
255487	195.45183670092965
369770	443.1929564196975
14463	72.31245946358884
351547	48.6385499067755
210972	367.22929531802384
58684	414.05452265481836
5928	31.040368798092686
441053	116.1921184216798
89855	272.08231287604593
93286	393.78733772838694
179122	427.7065750625505
487224	403.64810421641886
514339	277.8073833008794
328575	61.14134063742875
282297	302.6117810684189
129051	297.009845987655
216840	340.3246765320218
456607	447.0979068202376
444029	53.831342607748994
153886	380.4832498155116
81859	24.257442432415406
197155	121.45163557732538
472890	153.85184520094222
100090	337.0655595838284
136624	77.87281065351554
130883	26.66799049264967
368985	454.1821802108116
135619	79.56160310443818
73884	412.6891828281487
233725	413.41679776486546
305384	291.72542401774234
332723	417.9953673835228
169011	53.62128049303444
158899	307.30976753394646
391756	435.0233085722728
223514	459.17801285741683
91470	302.90948557949406
156196	310.8443030351687
504420	277.60492796132087
92040	377.45443938372284
251333	87.48456737418131
58842	34.137887090175525
20722	409.64961207186997
249207	353.562034361836
507128	110.89338850549821
81272	168.96478220086806
395301	308.12557089194263
419748	342.9800855053659
254926	390.5861449922771
93931	422.01546894334746
214981	259.6783840815939
190133	68.11255876751014
75559	399.41667939746634
290551	342.42735235151576
188941	428.30029067567597
249108	387.8591796035663
401440	239.91935640216516
428528	88.95041154366949
103507	76.90178738417981
16745	55.2359964292728
377176	49.71712031338727
62232	409.52246386027457
73606	264.1177533703392
42988	307.1472337212623
76851	55.31430347132794
7527	282.32691242606376
239539	48.17483838423385
368919	172.96984341904954
360137	405.1691236458723
286124	336.900825900475
346913	404.3801523148725
354584	138.23525833284967
205167	438.0339633328621
466375	20.510492668349187
361060	202.49568987481896
422909	389.30459525737706
137957	208.56811878555015
401826	440.019291258978
275288	13.701066708521589
322592	147.50637019949926
260165	380.8426474613891
290304	286.9079066666636
338158	364.4944316611945
479025	294.27185219355374
325248	165.95824467199236
338697	8.266032490028017
60559	187.8566592856337
23702	289.3888555444382
185715	359.3759977024726
257305	245.37904313042523
88754	317.71878072453
172205	335.82960617447594
208366	408.6972970235225
174480	38.724408132173096
101899	365.0237636623233
170031	451.5255966881524
175182	424.15609749049156
491569	353.82566141580264
87720	201.27759645440193
488611	182.5124001176964
209063	325.1076768570681
265186	391.4179848729416
176440	392.9689339568633
465389	204.65884213754646
87567	315.5025677835344
259896	295.4689183488126
226059	353.08967453017704
480266	312.7296485665669
469242	158.10455673819885
402545	376.76080532876057
402213	95.21768358139946
495715	159.86131391194118
69826	332.0235454165763
469987	16.72103374584238
80733	40.64171985079663
43623	309.14246072365717
369709	30.640057529657927
325801	95.86057525532463
478526	7.0919184460897515
282721	2.0700425023386475
436814	8.689333532276004
100865	108.16309496861473
146730	372.59712178227437
249878	93.53633225223494
237777	68.83164865840807
496198	52.39223036366136
242559	142.6134842446105
368476	355.9033925931491
19425	424.172764382009
227156	433.28720849620356
297040	283.93245745939305
53860	361.76725044533947
185826	134.41045655687165
287932	349.156527185199
459453	383.8632793730569
55248	335.61454227348736
413177	122.6778957105097
511943	318.53351262426634
173927	382.7197571684602
489265	431.9048115343858
466376	35.20641878892166
300912	163.93986915423068
66910	252.3408897080047
63621	338.4799815986123
262790	382.1647082459683
475726	425.1576804146301
169485	294.31383183711216
100557	332.1507023618863
9916	327.6487411860013
83840	4.765013275109692
85751	162.8996163780873
310993	200.37877581341277
4953	393.98005460101353
299498	281.8180561953356
495315	222.38141070222494
492944	370.4625813586067
405262	439.39985773784986
436583	384.3314617887503
495448	288.23422013714236
257438	4.6645144227346185
494740	31.072766420505573
17424	15.623167171169293
454908	343.0723725999893
468042	300.92509068654067
320785	394.65982120370717
377639	181.6278289889702
328372	177.33541052770303
437966	27.844279024626406
442018	340.06330689098934
444794	106.47953225310138
107910	226.98426787502493
65743	18.055744719708983
338898	189.7513278600456
22539	48.61718608671944
9446	107.31336425151876
220088	324.35883516490946
187336	297.5660589120968
454985	224.94716146768903
172693	97.86667112493542
315787	56.42645297921288
42161	17.13324814617397
425159	318.94050688304617
369144	23.48168331733587
19152	381.01450571118596
80009	11.127506412928321
8120	99.71761067839195
344496	82.86958471021745
167665	351.62683363109477
293737	309.9244879124363
337315	312.3682278972281
319076	377.2311669530515
352873	361.7485613634877
218347	337.5548318625535
306529	311.6830168394675
198897	71.53506490961854
75120	166.35500022460113
143232	116.49025608958021
489343	197.8901039773969
496951	119.34377463232123
299846	47.33865739700511
46684	339.2303703671623
98984	411.01839186287816
105264	78.75508286958564
361346	109.91224888325866
240486	314.4467458195996
354416	85.65085935937077
342014	379.11462054074616
493021	260.82411213596566
404063	346.0123836549149
472986	357.65963862829693
281968	267.2609214716368
426090	326.58942904892274
290706	245.31961799820377
382891	409.85960158229943
323280	148.64889547106907
283660	465.68306468637445
109857	82.89087161071511
42573	445.8263633859924
336428	285.6563851911457
231361	15.030872707701207
273027	338.93940292630333
368670	55.86971625696362
258504	308.785500422638
297642	3.91880486134343
128512	102.23637180077374
290813	186.23274198884653
161336	107.34213274400204
73342	295.11687725941215
352851	364.59609567985734
438501	50.6813640323098
439415	57.68024042230277
492516	420.9415370537737
57591	428.42642177217056
292831	377.5093720483898
459946	137.80817451219875
119101	91.31180371721543
363993	365.99912744468423
131429	291.7131518981102
495453	106.89410131318706
235949	51.2828000062668
375108	479.26134467363823
62808	28.777796551174127
124859	337.57173910458596
134071	307.57906329870104
333262	143.1544781629468
49698	390.2337645386309
19786	216.29027976975226
212247	131.60714556465234
181814	300.25000507144017
67813	168.23791625948795
472819	419.422311659785
395453	339.4932443950742
504972	428.0194011609394
75018	122.52497090625317
119676	285.36230051372803
311115	275.7657007154059
133240	346.2364890433009
12180	3.5870602115824783
50467	123.95138918542092
429051	401.2858931553776
299148	115.49833176101058
148195	343.03040771693935
85470	474.6442159059742
308785	122.86698097399005
352890	370.1147256460826
442118	252.7734953209484
323290	338.13172045915144
457409	423.8555404065546
146185	39.95035543514846
471029	361.8480336305011
423421	76.99011238570203
235063	201.3283880784629
270276	73.32073937041514
216255	224.6608141333283
410499	404.69241410789454
150886	117.93089623653535
139721	419.72350467558454
267406	117.17179468891764
423974	316.2144625457405
201024	129.15590272094659
265318	359.28248229217235
502380	53.4764702105895
284761	312.95805417677616
303786	342.5943299623081
53760	20.72754320095908
80351	418.78029209810154
309166	66.02563520878006
353983	381.18469277486537
333647	159.8484862052561
87043	203.10604927135066
191082	400.54228237404647
96985	370.7717690768991
300804	118.30088425466055
66248	22.578157952269265
192270	391.0901087684632
451161	126.05413665213462
414823	346.00371695691524
178410	318.779858867978
349440	60.89589675388976
187670	390.4664069448805
334490	125.16761619466651
292821	437.83014235767075
44299	263.168552413783
383077	407.31510682048065
271228	412.6108290079323
154036	402.8299206974008
60093	128.94360982165136
74927	65.51103778707432
108300	339.0566277418335
163503	233.1640924285158
131861	447.05088519699046
207304	269.5216244280403
139639	110.40837013707441
112930	202.727641295987
117810	385.57789553294776
350424	143.5886714724132
106299	412.36684392536245
327992	272.9664100194553
418268	66.92655427989207
184194	380.4611504057307
228189	103.68912005676708
446833	156.66419765489832
448301	261.3755454145822
231271	258.04125523832045
94094	298.94242607994534
406569	296.6275689024867
515089	252.56276790484742
129661	365.3440964941819
110684	357.06002350232626
188658	385.2379110872712
256395	388.2714872754154
492192	325.88375532861414
160740	182.358949527057
418550	145.210012634904
461185	346.671442193103
477185	37.40035075333617
214447	99.07432354894087
130090	182.74978576906312
328673	294.3340960759526
321159	313.2192336813902
438528	350.0100720747714
195516	29.703518104858535
342172	400.2511790952807
289671	312.71505330092134
230824	117.5472100991609
439012	82.92516919389483
38899	278.62126361358185
270292	385.4749755639121
475090	341.1987427655262
14477	7.603374733676249
413719	294.95911445243
333761	276.6361337316318
351685	316.10125787622684
243931	465.4351573538782
419854	270.6666969535753
128071	393.87711920359465
48908	60.441602182221615
218707	40.84063202728734
125364	421.75802974773745
510121	286.30486856170944
236963	272.01209053460053
276708	426.695470196268
192035	383.7690550577099
240332	462.41228807756113
206411	412.27035082568375
239587	215.0236314475582
60621	20.2450684700475
355507	32.006111793945735
281322	98.16429666936509
309059	458.05901607243845
430599	413.7292884862108
163480	132.26520578246146
87711	425.83888442735577
235356	419.87903494629603
43907	406.54221255113384
95756	406.7024285869149
37467	205.08897771571986
366353	418.0383793896392
231874	350.5504549690116
59545	465.41613242007816
402704	24.700387510857254
318557	292.4176988316963
108189	356.41404813948503
190476	392.12473574136084
226352	381.8144166903782
223975	118.48678525254103
30109	279.29301709999925
118154	172.39926217186928
413563	17.061645697170675
324126	409.2842694229106
340463	49.415862153257386
508697	95.61448659077176
210966	429.9584405339829
11717	299.78556026828886
471356	352.5295148274228
190270	356.35465961345704
378138	385.8141149655673
285043	309.5312014118662
504778	408.9072446320252
97824	145.9694728224475
292502	408.0299519545933
380315	87.2732908684517
320235	411.23450065566766
57108	56.2379424267706
316667	409.4227994278633
446928	107.96095147340979
252516	264.865124160015
51260	263.78514781008363
229958	13.49857452364963
192098	19.810204968689725
128696	462.45216943473196
276178	281.0045241861556
446376	172.04659538834377
225606	36.397197032409075
53705	384.59906540542386
6594	146.02195776500852
52372	71.82840591420806
477846	351.71950287714844
94574	214.53721605082072
26766	285.20770223967554
69998	459.3706981217708
391640	328.6398791033388
58310	318.61677829270565
266094	91.01336285334803
232567	334.6272987311801
447479	406.1872243267364
101977	386.5618543989615
390991	327.8782077314364
395387	245.75203866627723
263750	435.14270659351087
278255	214.10499155000457
29462	278.66684659404564
155839	80.35356581865793
249287	367.4106157566694
232118	112.71721180250776
227835	436.9946202238531
137896	13.38437057474428
277707	333.0361418791404
137166	117.23096055069404
477792	359.9842078545004
336587	316.05769519286656
89711	427.9720941599804
233280	179.95741282806011
360625	457.2235883185538
285609	109.58002744973732
352790	348.69547652915946
79883	414.33259236572167
479708	304.72547551315034
344675	250.0225769907255
32734	123.26850475496154
57045	371.95795931334425
348396	129.54841749886245
62117	134.6741855431709
69638	102.64548190251143
399227	330.1224894779318
19240	409.1447828706228
111154	119.57868070457376
247858	116.75499953896198
354092	95.15119981423946
452126	144.39991858355495
284745	410.61423162473756
432440	374.610322891943
224713	423.0759221406337
277631	55.264040328044466
9585	387.59354459486343
251915	350.0143401538441
387992	391.8959134322834
508018	354.2782795253863
243086	272.31682283150985
138481	6.46772884463378
90921	150.78134725012742
492191	411.42713426058936
494133	388.73580290192115
282485	382.1810918826228
274009	416.5396018717891
356896	259.74685928616276
254895	43.211564041135524
157173	55.828875482225186
114304	380.961972664372
468862	310.8104176248776
511896	324.83680363767354
23530	315.1081973206899
270032	401.1860621997612
419710	238.91553580441183
245180	316.95361551340426
508452	60.77101338308185
220250	294.47464803438146
462519	178.1542396942833
395144	341.46644480863
21347	17.790153174655764
57912	204.8271598241863
275545	406.39705017152323
471891	340.3257283075893
467853	26.967614779942746
262872	316.01130318315654
697	386.20396244794784
169909	397.7663447484514
277086	33.09114487029539
124809	334.811019788822
45625	272.21605788097435
447501	198.6022085932214
317090	268.31196056850604
315289	341.97671512311274
404257	17.773665335316352
90028	328.9883885998273
281134	109.07105960997688
35796	414.2656044571113
342353	348.83862005078146
217201	48.7523188920134
160301	158.971709464017
484090	393.98101213808667
347113	135.39220327863936
341052	214.23152560542383
40256	420.1082242439839
467858	192.82008749063903
359899	6.158705009534016
104127	444.59629911416926
218690	314.23612215242207
1245	461.27763141952073
318154	366.72763631870595
214137	325.95515283461384
386615	40.70291192205257
403330	404.19481721513677
502257	377.69963730029195
47495	388.050673573854
376258	165.61564873786097
250488	266.3456324939833
306849	166.2818225057896
308027	338.0903941724975
222586	296.9974213670083
109258	303.6426555697466
379103	158.86670743733248
35758	79.1093591663307
243112	335.89588584227386
319528	211.77752950314462
125921	338.4815909361958
165091	456.6362846383102
321395	51.936578452443605
314326	378.1755540108288
451088	413.8026886828878
32437	182.3680963974358
56110	125.6485646420742
66570	468.9915068264262
474132	96.86580127580294
421474	347.1846018759793
380352	264.69386213994756
502458	242.57783140221565
14579	431.5619223470927
8427	430.74274923782724
355204	94.35959150589635
441956	369.7713862941918
150802	304.3190851482112
337478	271.2439953719235
251861	377.4092258029373
99340	379.23569905029956
452153	337.2317234985726
273218	287.10230517281775
52112	426.15992388669105
328297	129.95639848145183
452649	293.7533672068276
80300	291.6113613585769
363897	25.0462135575003
93745	397.8009398121156
430731	74.73696042749734
478833	224.0542310713948
216340	382.6244613843034
451902	329.42059679379514
148124	223.34038277539068
422970	93.36663273354858
298185	438.4958409848926
401196	309.9767605554331
213037	403.0463824566389
342448	399.5862052140669
66467	416.0282476321322
41303	371.84058686592743
241856	172.7303588382791
342558	368.64772076873885
76868	386.9525516810603
82247	5.276397255230618
475509	311.7053149891578
95832	230.51835177422402
367310	353.339516443567
487260	293.57652423112125
342983	142.64352401519255
465179	53.057981714341054
67444	370.55433431696196
164134	413.33327597603073
411124	441.9586204572157
377845	55.2179400906197
109352	227.8344614323553
68265	390.6651298559644
139665	110.17653732617448
174940	386.1893854407082
200262	374.29087942832325
209744	259.11808492474484
442024	350.66387345058666
203856	156.32660579935498
339117	295.04848899682287
404860	357.64983742643136
229368	294.0603181407644
153133	146.23534124745078
180362	306.1515421152989
343975	344.4773346416483
431559	46.04552748715365
401333	290.8499120219896
133211	63.819299213780226
486641	371.38776185780586
508389	115.24731690756815
276179	31.092142005445705
297426	174.5037880477682
49967	360.41054169272354
178636	215.73861124808766
237083	396.90596972960145
66940	29.479644213806253
228825	320.4816536667414
227295	52.16105773497153
161299	94.35434095964753
139470	128.59186657859632
364468	130.3369892058215
109062	399.9245564449815
441997	398.21971988565724
96918	32.354533904764146
327038	452.9202468369005
60108	383.14074457194505
490132	349.54475573950725
476854	360.4646210833361
492308	154.15538768778725
132194	135.55201200919484
46460	360.2340957952361
187454	51.10356170331701
168098	288.7841067483198
238830	20.255416019598584
191446	402.91766476807373
367427	301.791106152938
116934	247.97708647219682
425950	160.04347772768958
296434	216.43262659294405
134913	345.79977280594096
106195	221.41813773809812
373898	308.34811844806444
268151	49.17870619877067
241717	378.6167387597983
234576	397.25691296928125
136487	388.84249995061157
244478	86.29077053246908
307158	287.38069004417946
436231	361.1109529899747
120085	95.58793705900251
30752	359.27778616026063
472845	29.325640291973667
76810	315.8728838034585
394282	217.45018741660377
255568	352.7069740190596
151127	233.37056021250945
325638	375.3600766873057
515009	183.1586240452779
128630	381.31919476252534
122382	451.58280585000665
209349	278.848639112671
504810	352.8476474270171
362038	398.56209127891253
102564	388.1149635894235
139936	300.85134652585634
155034	52.509291634010616
77555	371.7124868246874
385103	194.508333559271
502350	398.42992406508455
378177	167.2647124866057
243424	157.78937568055167
449509	402.4899678604576
432486	38.896508665103504
89332	375.04430548936654
280241	9.683853605161282
500316	336.4632353454284
440033	388.97204813280314
435308	376.07710227098494
336638	147.83255754443633
115145	173.03609314137222
458660	161.92039860175396
23764	336.0533052296366
358020	296.1193473449249
30222	312.75534051353503
291306	343.6110615370911
51060	407.8710959819215
50761	130.9607708698288
291051	368.3498671033758
156393	395.6094780459258
402404	439.6049035557771
22671	286.3396915363735
73378	346.5484966416091
116384	11.798814720776628
180746	345.74385846122885
489395	429.63951647898796
283266	130.9880722570561
324897	140.62580431596396
248075	353.5669141046562
436497	268.7230106618005
43407	417.74582180574436
497391	427.1703327185786
352498	362.75429063160635
66151	168.08808488174742
166570	252.9704566137735
441070	73.46742510246996
450219	470.9183566881823
153323	148.41765520481044
207176	421.6151248784972
122952	371.636153146728
483924	376.1751666552539
331978	334.0450159440043
506957	268.7479608207664
84806	183.51080950121693
35851	115.79672883677556
465222	281.52484244405815
184397	355.33673265795375
147536	288.4772640566016
29500	9.086534039759831
462913	36.18040610580421
422854	408.2135408005082
81529	15.638817533802465
489301	35.80468716264384
74440	371.43943810366176
51958	350.6347783754196
318741	410.3456526018925
278544	289.8749243255251
216475	65.46761614443709
505857	325.21051738184093
412191	312.9301599743354
99697	43.14432451040014
116374	360.69327481138254
162167	103.79605796131514
451637	36.29392694650772
441156	30.801029697248286
234151	36.546978257290185
204867	323.3818785075186
47172	124.09800580310025
334594	379.31308664231085
204549	279.6724073507455
79208	364.1764893953672
359463	86.45453587900707
113770	321.0032122405801
383487	424.1863631884295
416662	135.8107586224822
422731	432.9185618736888
192336	385.6412331622422
467857	340.5518697127371
349339	303.8150725213536
58088	438.574813948916
53907	61.11755845667325
512244	244.524892642923
148564	310.69289952140804
280654	410.24210852176293
124541	446.640607155125
486547	364.2510719424282
67614	421.1668927281204
269690	357.04642421132627
368816	402.8800222746393
486657	330.9535319620967
210340	275.4111123169605
184113	401.3038311181541
450414	376.8324307945302
90167	480.21666789435847
440204	284.80215643503567
491013	449.57565342461254
482949	308.19777957118447
15501	315.69047415674567
145513	359.77721289160115
385304	449.817143748262
58132	118.85015233507976
470681	37.28601344530285
323208	341.52376755719735
203647	379.96353362947184
106400	463.2895697639501
56397	35.43871347569813
72396	411.0313251091173
215514	370.70150070927525
452494	401.85173098398485
210352	19.60212797482196
446446	287.33898934970443
299488	222.56773730979785
382474	230.27954856393902
400550	356.70740121287287
362915	328.3500650013051
28615	244.26791484089873
77682	331.43006026453065
219541	462.7105736651091
387447	225.08025279807285
204597	146.29394985701208
292420	104.64503415241057
457754	100.79315571988722
479807	205.26045174140296
74906	19.11327407011424
434095	380.2554699187519
96733	395.0845205153079
335097	380.36256462452786
181653	217.16355892818453
32617	402.9342441550054
222836	351.27260608207393
198884	163.27818346265354
222457	46.10475597948066
223775	11.341979494459517
307825	233.07133302859987
465087	319.96936830459487
21228	335.10294314270897
444654	288.77880918989536
192621	68.46242983265218
178177	338.18056008804666
95140	315.671359783204
124348	376.6454188096446
129584	286.59345159739206
346215	359.9495652804702
456501	408.24676861612227
339704	75.58110655233749
180593	12.371686043548765
107881	324.81717018435967
63038	270.341707257205
9216	243.80636017488692
69378	232.44280988139016
112093	255.54720954390604
306288	55.92871049327605
346343	363.05887755237853
114702	370.2249295570836
348940	396.8125122864509
208535	320.3618384311258
145557	391.20671980383514
327623	328.96358837665895
196107	397.0975536366801
147518	335.42223220613494
105474	408.81638209669654
331520	279.77970275743223
500819	80.51350326107361
15760	388.5120827967377
138264	96.59887947962164
192794	60.075346720947
153754	404.89904475119727
492092	232.23473367586752
163153	216.86766733631688
377607	459.90631345225
31361	114.08317113619323
320930	401.25087808037426
202660	254.74912053024218
93469	397.54962556547395
233005	391.5296101776539
27072	385.3141435889863
260325	133.0634477111229
67095	299.27999252770655
63590	105.19969672558447
120323	232.31869282156245
234629	335.23130331579404
70348	120.51012584888811
458557	423.90789290187473
61853	4.639953891352457
435368	30.178668911038127
23534	89.27901499387006
72813	222.2424236985793
26964	51.86657633769211
194962	427.99039413607255
433637	384.310599632716
312262	95.65474203574536
477148	439.40345227308575
453246	267.5939533299722
38847	9.865961772705457
64936	384.43448296410367
100831	414.5889253565665
383631	142.7848937015249
144110	383.49659061111817
343351	340.5872449038933
334845	363.38217752074826
409718	134.14704139881482
29925	319.43539896842594
149500	407.2714971865284
189942	143.87985915611236
488621	163.0038198441976
288549	28.466760470415455
60843	8.386199955528804
366244	381.8213641588889
405363	353.045678504494
512450	421.7689730108657
513530	257.79380212848235
394081	363.9929515788091
448227	197.93381977837086
301346	160.13177102523017
110184	351.7839876568166
28579	379.45536476204376
456265	23.626480216788718
232279	281.77838485319774
229822	404.6803459665273
36939	23.124609713114182
403922	107.51045119003841
168657	90.2612018146685
422880	335.31070240263745
149906	423.9297139914259
362666	348.8762020182237
57172	8.792103255984964
424212	408.43001563730485
92431	276.2991104530122
88022	386.3097813487739
416407	160.07175536002723
171810	263.0815814955716
382978	331.4661157581403
37603	170.76052170192676
381241	366.1986911712331
264677	190.88496637665875
328175	321.029067509605
204053	398.2788332136635
332465	303.16102669418166
235803	363.5672403252134
341370	250.528626381608
16372	387.68367876544824
181083	223.92767807387415
411751	69.8094462417461
107277	40.03587344052551
394695	338.41933309110476
341448	313.4682169690915
99101	44.982378135005646
39931	359.0199782594532
145693	252.50431739128982
437141	424.92505546674096
201496	373.06037019399616
139517	320.9951261519172
349500	365.14800798213975
8971	111.9209573352929
18916	249.89035707800065
103697	20.998040401433006
263353	344.8415845095718
503133	203.5035173473188
483567	313.9112979644004
140242	283.98458070302354
15066	140.18381384832895
192836	229.62236262455838
406461	68.4473278439058
182419	397.0516072526706
513519	310.32018945794374
128406	188.99759033753244
83371	442.056763551015
445484	205.7032586198097
213943	367.08750232115256
379162	120.44357950230868
314775	259.32019153241157
245969	293.6264626825569
474177	427.09111409830587
29775	14.202690904754013
480179	302.7016114384888
296110	415.7842353161279
187693	402.84330422255425
453441	82.97891981354105
295491	203.71497923664208
178839	390.7746283443583
234517	186.26449455612982
226754	363.6672379390926
420441	114.12182342657185
474956	20.062104527229053
316879	341.32500380889206
296184	24.113813690668767
405420	346.10979030069825
99	84.07213848665181
312655	382.93744180415257
60250	193.49644970591143
176023	333.12902634855965
145365	415.62609337998015
269267	419.309918686329
243383	370.74901706849874
256066	297.01054597839084
365226	29.333335348408134
4551	265.3006569244499
250214	46.01913755483458
319040	340.7298173650591
356311	98.63851258502558
431237	40.83093320195445
500769	284.5856354798512
324374	408.42144048579627
73500	365.60781486994347
492133	360.42038340653494
374538	435.6431654980409
235022	354.1492539136447
110004	212.30631423933394
171928	376.6885629032585
53454	245.0124846969538
178383	47.62296901946302
135432	340.2212466518503
305935	279.73425739603647
483408	398.07219953801075
128509	163.7665181159693
101010	110.49829411443186
94360	365.6974729570792
57547	412.15064009261846
42722	366.908989991119
506384	391.07512372632425
380742	356.4852111710933
9163	6.064199240956466
438303	305.49849359739943
405066	370.5326026820665
146585	360.9049898971466
436730	342.3699564126507
68355	165.88338556087814
149049	321.7896758599372
129057	439.78010253280297
242832	423.71253407850287
415542	115.47113757952391
270904	40.70560367501778
115336	334.23102754711493
188304	188.0771920487249
467596	232.7553106881446
147794	287.6024912538725
11070	396.8147982981457
468094	421.8242795999836
55646	129.2083902530309
231222	108.65840328738082
61512	149.6305656968286
338491	399.2920758557926
113073	259.9109141430584
381259	35.71081850569423
506282	385.7952880751428
199142	377.4798809892774
155073	135.8555700637914
65605	371.3125062836281
306865	428.4378016201741
130237	383.7759457957199
408704	405.0100871370798
36794	377.7978896366046
94567	358.6413735579332
503756	369.6618699504204
341704	237.49873927958092
802	385.35802337328465
60305	67.45008350907983
86460	308.62653111034535
73735	19.33996642032554
178945	413.42914382039095
382901	372.6893035291958
185041	239.88251638658193
54839	173.3797686384923
381461	147.6691968581088
279168	143.7558706436074
15873	455.53655793211067
443913	338.9187164530337
10975	353.48515024663317
177570	309.61373292881666
513443	409.8183341332548
471778	338.26365251018683
341756	213.92119238698888
204492	403.8549824668948
443512	321.8294362968587
290481	24.69352846459066
100763	255.33711251338423
77113	101.58012457212132
433224	462.1372023828214
289082	280.7094260300957
398922	285.867755673207
291600	391.3359994893941
75234	373.4038687713953
315919	386.4821887554091
297181	371.37628622415326
49378	455.3462442153326
425006	91.71779319151221
387127	369.9095428292901
450704	385.52337359197054
324898	340.13553633199047
410630	438.7405673110798
173923	384.28186368413816
314196	373.3356127896785
69862	126.86881933488978
66957	332.5737547554657
118730	330.9359152918991
512828	293.8325141475367
361630	387.84966410374005
471869	244.66078404212962
438931	181.35056075271612
388247	376.670075392576
135357	190.52114205260287
474432	18.68208208149978
151639	368.3586010880388
241592	388.1460262843862
447941	366.6813235788831
60615	90.39271836612701
468498	376.37879811566563
228829	151.5482248212617
383568	210.07763363184668
392374	161.1329960010954
505241	98.34919807561451
486167	108.2121750204703
166835	273.4327337645921
21803	245.38992821618007
199055	404.489732991892
361679	156.06479618812978
121231	461.783231203743
373247	318.19138651004624
40816	274.5970989015966
480511	334.2580286512597
89858	30.429148560514946
410523	324.199262379057
320252	414.76728924932974
274334	47.31956512057589
224045	15.540805376175967
166810	256.49470101424515
471944	109.78206410605638
89901	267.1623664575188
504326	314.5583547607756
462973	484.131865907038
486680	413.92712974393015
511480	428.946741874908
80132	478.4794581856504
156644	342.5679963475778
263823	69.58815358202729
85305	24.44167489679729
484955	373.7251973043477
48467	305.9540294543385
431242	228.2689800564349
334629	36.36986013288964
21469	56.720899379040745
247495	355.6462615419015
183397	289.7266592958564
422778	353.06656341537854
462222	420.6328008486738
106582	48.66005820219858
295659	411.29026843159534
511664	410.6040766297033
292482	170.15208874277138
413696	402.095612666669
488209	136.83200199611025
223546	154.9915949647794
379358	360.4780411983268
462400	363.6927607301614
496394	82.5334985238303
420012	387.763021367997
409155	436.04330232725016
480745	397.54033357081335
83175	379.220626120962
493525	7.748232332669749
164160	307.4686032034451
441836	265.03984032934216
386954	266.79877182061557
510483	43.41565302789346
336203	400.14197382363466
470819	119.26667579551297
500379	88.18661067145868
382649	201.67296861937226
59810	214.88084659760884
277379	60.25580972218128
197018	431.6330762347283
187569	255.37009624406124
305067	19.87785605985069
23633	402.5416115679993
193375	203.1132852469817
266899	234.71574031468197
139814	50.22399546267264
495671	32.08495114786709
488480	274.1729883824438
71218	394.94250567894215
336549	310.2002109272884
515158	254.04866747508092
353767	330.699741001622
296720	328.9421800005879
48282	313.79111096771834
302737	393.3482617125219
310534	284.4444626012809
478523	33.695878754613595
490824	339.77766754622195
116490	253.83519982605029
397016	271.3546547590015
385555	113.20842875850822
359100	323.35834152932176
491064	224.42682925182496
165124	423.54586099229704
148607	141.71215184744815
209129	365.8449470438921
386387	321.87318510337997
127165	21.466845703491966
188373	38.111185859061926
93403	62.7824301864352
872	11.126813213218488
486513	391.47858185761226
418446	172.82748591185594
466427	56.464370022305225
37844	348.6215290521965
407620	246.49679237691112
463316	343.17997561252645
449321	237.71619876281392
290241	344.4670579121095
397351	67.26353766859454
495155	318.4045488207928
141480	338.5384891366193
511965	371.70974646180144
229646	433.33147891179493
291962	327.50973075133476
211294	36.12122947003917
106163	388.8263889461428
162139	52.72777351940059
19344	418.7002395155029
371413	44.3856980493574
130933	306.38373932027883
43038	394.48381266351294
471749	53.77658154772239
223112	244.68631071375344
236051	359.7926745893564
115812	350.9711101268255
450102	181.19959608384653
250932	420.64005767283885
494608	384.4387853448473
436435	395.1394455707082
208962	84.1707204710311
117036	284.52988945596724
475443	299.0548498252934
362587	391.33851819622004
290456	313.5851341281784
310195	261.30930574126165
163959	305.5980587491572
426143	347.9520900925146
271667	323.3882739094275
481656	374.5533487811814
34652	431.07236728369776
391823	254.4036552733209
126752	366.56871106293517
317927	260.30923606678056
280234	225.28750654085997
357183	383.5878296193237
485801	36.963867576960205
36690	188.07723237721243
237742	254.89975297719326
163785	317.82793589870494
325030	25.684098605017258
104561	312.63862292645564
487157	221.62618078987998
69009	278.8906400136857
184173	276.4157614882562
356954	378.61737927977845
40115	379.2114409358973
39802	90.83302416114273
99810	392.86923635055865
22328	8.496511780497519
269383	9.2000552937958
397176	443.4999479037277
502385	66.59404409994391
230391	400.24723513868275
393110	119.28984488319058
489580	231.1386527643622
136044	382.1415670118798
168241	28.612034367638834
403163	294.9225926730653
304801	248.01851158817234
471648	33.73155687259838
208617	65.76730353910554
384823	235.82267867983273
266224	33.019165470972986
230782	377.3648162195228
116570	407.20867014449493
252295	202.89477136009165
422767	52.926763453436486
370612	255.3215650313575
287597	51.0945730795576
273154	72.47461757224504
343913	461.2619913194297
154101	131.41821539911047
215328	449.2384078828481
306006	212.90746273383922
7808	252.91204490796434
417621	313.71782967886804
313601	335.8157342288881
436918	385.11618625887536
462311	148.46380625391737
483485	100.43917154023075
36745	397.25548934673867
44274	33.203178513392025
421549	78.68098152491977
387859	60.36071890184636
16330	43.17788403570757
419389	364.31247405704653
307936	241.91202660876624
462748	102.37886741058522
212373	314.20916173884416
350433	25.064143572561797
225493	101.96326809460706
444503	371.5415238643344
233815	401.6463736547737
163342	429.65855656074524
371927	342.71265753580093
384585	381.64342132214176
113383	424.8093219934467
261830	383.03337956880847
194857	442.0664021774924
11698	453.63106315824217
18789	442.88595728834144
363182	374.3323021604016
161759	83.35236879766443
472167	278.36947442111915
109182	328.62701108785154
155665	179.50266990794154
14938	306.86222708611115
228919	449.6539071571823
125099	402.401563102368
332528	307.92408425464635
382863	421.52545257329655
379119	359.61812080778327
230300	356.40506017909286
472537	462.97466422856576
455641	34.85842619290341
299616	427.8592560780702
312972	129.22348963658908
315159	261.82165364770714
220632	421.6990373691055
500698	417.23920893799044
325625	371.76933438544995
308584	414.78706239137756
447910	374.5461317289442
31993	32.282578951789304
281326	78.86537366498801
99136	358.53603477258366
495684	189.59491696041553
351891	427.23766511304126
279272	320.4339450552458
308710	89.84979960035
161534	386.7525624075502
56402	336.8279914553771
60376	336.98914879914383
209216	50.83449872690357
507559	77.13902861667475
369578	254.82614046078632
374632	142.3169548668603
281900	394.05229546706914
160764	435.68119365315954
445724	223.51895576180215
23641	435.38501274319384
148595	48.78250010942515
216163	454.0234193421251
445370	200.63731698585042
184368	338.8762181938362
405582	135.32899059058278
116046	72.27890966102638
406021	18.567101092270775
407960	208.2271598335696
325261	334.0924521896893
303490	169.7715464935356
58556	445.71093090725134
423127	328.79255414120775
436808	2.249468273497258
395392	348.85716242797105
111287	293.81981977990466
357359	119.94930983341017
260826	403.0033130068708
133957	14.566880525429545
446180	452.0803072938357
501780	331.1169724265957
339139	330.0609799020973
464266	360.7467965054569
140231	258.0311095455141
277372	140.6659335345449
391143	437.13153099422726
28341	372.860057493857
189375	323.0142375874813
27344	320.18014722446634
427858	147.66390456066515
818	296.63467623129833
513854	374.863443330549
409891	370.9118637308899
278672	419.7235164019234
280969	212.73013160186036
109431	93.5160307493702
8791	67.88685383630046
147132	318.9938508078965
482889	278.27839929472765
286897	123.1826220073431
328293	40.4233889467887
423290	410.1836200246
110292	155.44339568965393
500718	258.70467238873954
125014	47.96205778645757
265233	115.30855608810164
147114	314.70893894322984
475827	26.609698389148544
198475	53.38647454698469
414723	222.31856462222845
373646	179.89299986608313
309066	406.07870153490995
380280	396.4002131811445
103691	100.278138261542
121364	370.7855556224146
407493	284.38205047993614
25235	65.14589590233614
55072	459.59152576375686
391375	114.12371670893175
315912	207.23603818347817
306121	160.20127581081837
491420	243.6874141091595
246293	365.5108466513623
269612	276.2242002004373
144160	310.25125756998193
336723	130.2312624080008
493714	233.18665646352994
385128	387.3849183251323
499834	162.5172833147521
215650	412.4907304177906
252352	115.03038720336596
93719	4.440595411351527
269866	353.23594961809926
401050	425.1133659702981
41290	335.72555555353557
230863	357.19465824406325
508712	304.1755351202921
87078	302.6178582787029
272571	326.7688826487008
492441	398.7619041322179
235293	39.43975365319059
17567	271.1545890590832
127094	208.83498678026606
21874	435.8311003125503
327599	29.275146469193153
262762	438.67498389464714
151728	34.06763660577528
448474	237.11487082605075
376145	313.6646993088977
493738	408.7943849392716
432653	159.6692768455552
99557	186.90712664675485
231760	153.3684265990049
281354	144.08763651371282
325169	410.9041967415903
329735	310.47940892309003
37244	22.70205096896096
391093	240.07176775915377
328069	178.57233998417897
26129	438.5946005387397
384103	142.3336751668854
473167	413.9568224411269
466015	225.66963881974002
307734	382.5077600039144
181931	36.34889467374478
437213	190.23937947422462
86978	391.89423311530703
393527	396.77724477232005
183438	340.81435173073453
303474	382.51926354771314
356228	127.73981159342617
331771	363.8709083860399
61547	278.8590248531573
436806	27.288928320795804
476493	165.040564339799
37301	332.90388016535235
328629	37.36154622068713
320512	157.22302416666696
486499	77.75153376597642
443381	181.16822914292953
166869	349.22120045717844
108667	368.3858518856158
474254	310.0172098105642
459663	224.69231092139302
312685	53.996497515147325
76883	144.4303438349229
146436	444.83462273704845
130383	265.60800052831365
229131	118.49386925653475
260618	205.5975219692024
466473	93.58078001226465
304531	99.30250371545533
42176	209.8296616335326
475875	262.75440195523083
414530	44.65931655281008
510790	395.77846696314367
169925	117.23053069479653
379502	268.46100098794494
15719	338.3015980978493
405690	313.238363468756
84149	40.1949904916559
48692	395.3619735319195
424882	147.29420206870753
268463	418.9207353733564
511216	364.60472202933624
107834	362.54965611711805
60938	377.70451126276936
252532	53.869850745888684
424985	350.62815397882684
254886	28.897893286657453
365517	187.22994667641254
328794	30.83828920970401
439569	333.8544961373101
427952	382.12733131839565
180573	164.5190167107788
351411	352.5325148134426
392443	416.6728967828941
445543	338.6339404114946
99250	353.9027448279349
353388	437.42920186439125
465245	240.7267342932386
403154	320.7263823416136
487390	388.237274846026
418383	70.6944279028499
212114	278.18077418687164
310251	182.67855668432773
363797	270.2125658522232
368249	133.46228316682033
292144	375.6156438151161
268909	474.4461970350134
179758	466.1812565951588
397078	361.06735526334256
241595	359.13657355927387
391547	49.39006316604906
214312	159.52164795024214
127555	58.03426730889346
140270	390.02648070193897
165534	111.51377125308358
165315	354.1407642784895
191301	36.256042042186934
499982	364.47754509265616
395385	343.855300533426
237302	345.1726229241385
160295	452.5224539311121
18978	207.60458230861292
208911	325.4000716988689
17972	396.70997959157194
137819	185.58316081859977
149083	391.1262553607088
286569	97.93953863557155
78444	437.3385780596427
267503	362.30949008563357
59314	203.86956671848097
76012	314.10107744046473
115269	78.90835851102827
232793	121.7418236841977
29761	58.266823267277154
1287	402.97232229812374
149456	378.770860314457
268531	71.61603252175169
339096	379.02501783345093
58135	298.6886631331119
224082	332.42621801467203
475272	365.1973777342292
189360	115.44809051396399
148273	348.64407795645945
318091	381.2835067505102
485785	2.4114066584080214
453096	442.4753151960343
265661	406.9407251144016
414447	96.23601097543468
335301	391.63854338592387
262965	8.895599746850301
197118	416.8395135427531
113774	403.39864732110544
367521	348.9122756314215
388611	383.6832969261346
445906	47.93998608184287
57735	475.19718394351304
396610	23.55483405175605
413210	28.546976878867472
48054	360.32885790912087
386344	275.89232665613014
13559	170.79907257077514
257115	430.48692508319834
510539	232.16155317861927
160614	364.8343385145144
236421	367.0001686564372
338441	416.77218372760785
174749	337.1488237240936
453825	262.4654312830007
492009	380.63352788907457
112549	66.72737371506932
315935	281.28327397581995
165246	280.2183777926288
217124	413.17356256414985
16895	135.45663517201714
245032	63.59806052018235
320858	186.89871979583015
479386	94.32665564415804
324542	113.8157903182403
358409	103.41009705364894
297959	171.01985331043502
211672	400.894343587224
143805	74.75050164464729
253695	188.61824934277365
85981	319.08882701788787
473054	57.895751088124435
240619	376.2127589064357
197963	217.89254214767269
174353	310.9083319694969
398723	329.47942854325464
303129	53.730741379620795
188277	348.27732021848533
150586	234.49452435971577
154343	469.2958354535259
302096	85.77719319028924
129380	406.7218149765041
39294	447.4606742738342
73970	378.2147972374915
401678	426.51637315277884
344253	261.851841425685
451159	62.49909023479736
422058	436.3836205491593
344882	248.82771624058623
198476	10.201779775217714
301416	45.06721676421186
34957	377.8454015290321
133800	432.14347412775976
11977	165.51450833376722
236169	210.77063485695652
401915	455.93799002411424
68689	364.21295122922925
255676	172.28985154344969
469951	18.596988665768567
354176	127.57855228998915
502658	166.13572024860204
505084	283.9930594426275
117207	393.3404887377443
162360	341.8786941673202
152449	33.557274012454435
325501	421.4885741709248
505086	310.4932085100432
421302	135.49967874345316
149715	395.22379850075447
257780	78.02846104477062
385882	435.3230950578014
66895	451.89371264889087
283429	39.8301494412271
73736	28.790543003386812
461389	294.65351603258534
117273	358.63940367158835
207905	342.2827083214628
265100	111.10966819023648
435180	349.62874996862377
119112	287.2042077010692
408116	181.5038314087234
118599	366.99093686224535
266925	401.5564318140582
292026	394.9790038692372
486613	426.85507783837573
135965	463.41473725133363
442416	54.443412517762084
471590	271.07024087373514
382628	399.93024677697866
2692	253.31956475728396
117677	17.61610282247463
306374	461.8896792990808
488562	278.69663934361057
231956	334.72927839733785
217497	192.30862317979336
286831	383.78101050464136
404393	62.333052778353235
234697	106.57565784457498
479939	293.79646376561357
313877	337.10834692077634
348562	370.80490891721513
256480	75.1016151895877
275904	61.11125453681839
202828	210.82180826619066
354296	112.82362086652877
152199	387.16689081155135
399869	310.0638616404982
472675	93.33895109036084
415905	322.086961839561
326311	257.86141691095287
244165	332.92535415622
362305	381.114688679554
193217	168.4033912510266
306316	320.8318296019083
453693	410.12142885636337
112201	297.1208588878197
445511	411.769943894043
186695	338.57595238352746
376456	292.12810648279776
446199	346.0492143119567
502742	135.68973053100854
341737	365.09523638122494
265918	393.24584783701533
240080	386.9289359770898
421752	344.0682480171437
276640	352.08911081184874
490241	254.32691181030162
487059	34.07920881314039
319674	426.0234122890327
319027	356.02991570161424
398180	303.200516853094
443532	443.49552311820776
377863	33.04183919590211
51555	434.43864627094905
432264	70.43130532146807
248696	449.93077886361175
116427	414.4477135156761
376350	149.5291175840149
256501	231.56203222622597
404347	104.3497903713265
126066	101.10518100602117
38976	15.440451470107938
277613	27.386640365838407
29780	243.57672698667346
288650	63.51721248995708
449186	348.8324401225767
13306	179.06537529898478
22145	85.30596513901271
315509	92.9255499519256
349257	415.4342970272569
228196	407.7324540825732
438891	443.23006908707174
11925	272.45398168454045
505578	317.39949162467093
499677	440.82522242315014
285969	420.8451234104611
349200	374.0373366810112
454058	193.48771840594534
354751	92.80905934278053
409952	245.59997469566622
48042	284.58044775799834
317134	308.96392835515144
183459	258.38066404814526
268536	114.8270485257416
172395	99.93265097188876
265114	46.244106620638775
289766	413.74089284509245
187743	170.20343385131235
434768	270.59267080939503
156291	369.99041214003466
442630	219.04661544043458
266188	457.86313233159655
165752	450.29773479632115
448533	77.62611160047072
338050	403.6167813799316
313380	172.21257645675848
183904	135.36815808320657
240716	35.86253517659421
443010	113.76546107119997
194075	25.015009990247076
189901	422.296207618671
358221	19.687116471296296
437937	372.71428600174505
503351	394.9701862644171
89771	289.28757511802604
144520	354.5031044960985
428181	49.167494477512435
470162	280.74759803303306
459766	360.396674467345
452712	252.95488303816808
274698	72.73472602969206
216588	450.7547103528996
478743	279.6412340003456
347896	316.34321340193316
20843	52.7670381045308
424200	352.40204014240715
133909	341.4221772891917
363983	172.8633292826474
496435	223.5163913483434
82814	407.8576387551059
108202	268.8574995881384
154541	330.7577363543216
76690	460.4072334249023
455048	4.008757696748795
152844	347.1496222517412
51106	191.19223826790991
330025	173.83459689982934
91450	259.66699198458946
138121	201.06018820104802
308054	323.5476488083917
458014	355.39837175749676
404979	423.44307349102536
32638	301.79999670825254
320117	364.8341687922147
238088	185.41733011447306
426932	141.7534793560786
377432	173.4023146411118
476539	392.9144412653549
357764	104.40486216677058
222363	314.95424353946277
342200	31.833283078466117
129827	276.59906996521056
339019	381.5461273619349
426244	362.37553748246154
487183	375.0214227548612
442365	223.1377865705543
482995	308.141712259595
363842	424.2137876387129
183051	408.0793931073742
377842	41.618039796685835
179908	129.92091382027812
136869	367.3426599529234
164237	320.1761724200839
357460	280.1332902115251
304452	425.66887428025586
37351	398.6324930222302
74689	67.1337071936838
98578	370.14979048850995
416296	465.29096601414466
231589	63.35667639313576
456384	248.2227885298534
437570	205.99727328071472
297916	25.680941417007496
103918	67.88599222193882
432686	295.59245017673
311626	183.48669888853985
16782	45.73302104452711
477252	366.89904594678603
92300	70.25165194060659
358738	121.99415460748838
318367	282.8036183499326
429363	197.71455737176856
73738	52.01582555458017
505215	444.4334418036622
202107	309.9379963603253
457869	175.93850759961637
116036	51.493591726251104
244653	335.9554289367498
261269	388.9998236076818
170135	22.177935487088597
378210	463.6547586825392
340583	123.57504231971504
401070	386.9710788689278
361952	331.51846140905485
402109	386.86033880573814
508012	381.42843116949143
479390	4.148771117805694
218464	292.7025481590808
390321	411.6193411689715
401101	234.9515419484353
3712	75.53120224167834
409865	415.3528588360719
209353	58.13079207611722
415702	64.87185552016344
72307	320.26182542078357
134004	335.13021305547124
297818	38.303487397946164
411467	382.26763200476455
261910	384.07476937881853
332258	291.06513185774037
228966	405.26433295051663
399525	116.21840734579929
27456	288.8114886807871
146415	389.50828982128894
33052	400.3372449321386
269217	376.7160286301797
196744	79.25178941226255
329768	324.8482383457465
165359	341.36294338602363
448645	422.56883328670307
511363	244.60672662078974
15310	88.61801527234424
169623	172.18078331381048
3286	423.71948392165405
470304	332.6405926938607
162983	416.165121183198
459470	395.6763210558685
363743	382.74039811388195
276261	54.78813250016831
167924	372.6795594128593
398903	253.3192789416136
436811	39.10525183507358
131870	413.07911663729857
401210	421.5273266905248
105619	318.3786045363418
512317	194.8772314891462
119678	342.53130586029874
428721	84.13014036553888
167723	342.1404139977265
430317	367.3851906111631
255764	329.9303610814232
512656	166.82933173084456
165317	410.39446916012173
86516	391.07689849144214
238079	153.68530873642945
441998	443.8600652496769
316236	286.3871936411497
335667	353.3886741712795
327638	172.10233135602337
225783	285.2607590201984
105272	59.232970356400045
135908	477.51631612952133
462295	168.34780561622208
223665	364.76098075321005
8769	139.4603378327351
341230	376.88469682712275
508643	414.44509308359517
502730	430.7757530239643
444314	375.5550725257435
165772	230.26003340414866
86465	464.80746370491653
244772	50.45840195081323
73650	430.181044248825
252367	91.56994817913751
111587	412.0617026278342
148397	225.50708418676658
143085	270.523298981738
416158	146.23605772762315
365273	316.320576738924
507528	256.2152253446055
394070	413.6698918847572
262157	178.55680803284028
164992	382.37258398405703
425550	296.7906907278728
196385	227.7584178122517
402933	379.6164908881579
292667	139.4242665167939
380171	191.95646056513036
185544	367.963389019737
282336	228.3920142573605
321594	295.0326377373007
149623	396.4094494911421
511775	274.6032894637803
60218	77.36393153241086
409024	8.49513947116194
47647	358.9177316612391
118453	193.03786149439807
315735	266.22213648105725
490626	252.57077026084366
110806	315.633649675658
474539	352.0357597944039
155711	331.79672261592253
10695	388.71565488154766
139851	108.09405097712454
73470	349.44531057168865
