96391	138.37312139368848
299848	739.3181305547474
420735	753.0921826089855
187358	410.19659404494075
70913	149.35131098541166
271123	695.7962455804361
304188	455.45193473455566
209471	702.4049286843523
55778	695.9250723400489
405479	270.1347826189308
336001	144.86623653031384
20092	507.8249143391406
264497	542.1548733073206
162830	311.08990492326024
423564	812.2695053399701
203132	659.8362015072934
288735	587.4643866266989
218997	761.5686403793267
173493	717.3668440394964
441432	647.2470343383102
405026	79.09424077679392
308750	699.1101356700775
452444	398.7038694731759
354228	268.9632547519934
441565	666.4237932689687
111152	213.1300886931609
204628	111.04001590153108
378062	812.8881805331441
25584	550.8182799873578
270864	821.797682198677
205471	678.542188927086
499771	302.67475404260654
209614	769.2976013977077
446504	32.24914955317265
175152	451.58287287413145
411945	562.5196587878486
165442	337.7487915053287
482485	201.44237895263524
133399	774.129000987657
270575	788.8642034188684
362909	651.7960648818814
500709	690.6039576743182
461213	419.88275445405867
250173	54.65439149569693
99736	309.58609326859
189719	297.9991193842448
358035	215.60437858424325
322521	852.6933576067909
502133	604.2769012080817
27514	828.933476771339
231438	457.63861249855574
497769	664.3187888871555
483447	255.7315450704962
84145	585.7273995804386
234620	697.5284917110813
188895	127.67237786660915
187769	673.4217346722703
230950	777.708326918766
121794	62.22833621178215
391063	579.3968566246461
383401	886.9944596109287
367969	496.0814466237705
113612	690.2196884068459
313246	326.84105478467126
312650	401.0496917027643
227843	906.6237044457166
369905	524.06772256328
68413	327.4185109304577
87461	158.44879665998326
376638	796.3139356815591
335853	198.39424202533073
418090	680.8133865526061
319885	71.12916394630099
78537	159.6927104011817
504104	790.1233673306699
356805	652.9680798333432
297539	650.5439875572333
317978	57.09703567115215
488830	554.5763995371132
231849	632.0957045966686
211891	767.4831033044754
288766	79.33885303103234
162615	35.294214693146834
9365	81.15063683622769
14463	144.62491892717767
163774	351.77660034546886
456010	611.4597861885121
283409	377.79767113892063
169684	99.76567297464737
180973	235.74614760371693
274805	827.0135210586672
63147	706.0455814488619
442079	796.7782866911526
110434	626.8881885471651
169195	106.12167773094197
251756	749.3186672594987
168714	624.01219641102
212142	21.6963140529953
254877	346.6286161144493
124656	254.84442767282306
266617	647.2662603297973
505447	326.5355614152332
472377	705.3314952389121
270566	900.7493496781382
485889	571.2819213650707
247467	665.3162815828775
417488	749.6342225228104
288491	862.2340096085497
343694	727.6992172987899
299914	665.1040696682827
190513	830.199079351205
135387	830.6729995584551
202375	810.7523136545925
395422	861.7113048758547
282721	4.140085004677295
136613	766.2474119013123
258927	519.475821782224
444932	273.01139859642393
159528	788.3165768794576
419964	764.8244224430114
257641	599.3585719184415
355749	78.54782447190891
310134	75.736513490214
458401	424.75235879781746
508763	816.1032048096548
460226	427.80143616233914
167032	240.898176920217
422025	21.551492930842482
89004	625.0656590489149
199576	431.784975912743
84529	93.06641841526168
313284	809.335784121598
409529	813.7717498242251
84183	348.83471106645544
370418	528.5267440730956
221781	545.2142026921724
206188	688.5001718146461
505767	542.318639102412
495426	56.80939723033615
276045	75.859615383151
3469	681.7721606177414
350356	405.09600460132435
407575	574.9348191125681
41087	809.6407005894561
213484	550.57604333659
392520	298.1690875553918
50509	204.91420558043197
226622	33.75927063542624
180016	924.0588139663297
261790	732.8518126681042
224257	638.4750846539356
99898	574.5334203349072
206950	837.8415450434351
67659	642.4155477767252
223073	394.91470831873073
92290	319.2494802600264
147563	565.874209383748
55052	104.37233626820915
173880	143.20329824407267
196467	417.09918959451176
125144	559.1129121412669
313786	640.241631848635
170821	634.0867461584539
180181	725.7523415818451
274621	814.0269189720705
193994	699.9314230702261
480684	243.07336906616945
250012	265.3926936731367
253898	465.7366944148572
501962	711.906498890141
203162	594.7719769777152
140351	387.18790364326304
157291	675.8979544917191
336631	676.9634425953213
502788	727.5066024558291
184887	696.4659024153865
207374	695.1297389070717
291988	810.4389929987319
466863	583.1200443236265
487219	805.2597372475728
255755	556.0257202791084
265413	562.2913877068394
55581	855.4360029795603
428092	37.37426181635291
33977	28.294383678099376
82252	757.8525473475244
391280	100.563957350341
348382	123.71861652271589
75048	607.1556835137445
145843	878.9473548086579
502374	17.13112385522295
414565	265.8378931476233
42692	701.9333763713029
73640	350.4442657687643
128529	740.772323651174
84038	405.2177709977991
492054	958.8890197222505
417576	663.731929497553
294842	29.444518680464846
261786	912.6486652763043
198925	853.8807083469708
265228	292.27238235724815
174175	735.0936794636428
326282	124.94881656475594
448656	714.0326101161097
233391	226.1653169321742
14175	583.1523963567911
275599	633.6172651028428
401089	102.83407161280358
282572	627.2325902096723
495287	406.88153447910094
293847	447.5702522189147
328804	183.78887126668255
77959	189.1497971298503
324326	237.49721660630522
71011	48.2890761390659
226713	144.82701154880561
62948	447.58393831429606
383053	135.75629817009914
8648	717.247886814152
288930	69.23598878298131
183918	743.0771792465077
76378	792.8537015181688
428314	218.1869883695338
262781	803.6120648574819
144258	724.0557108579028
249002	367.5310795494194
234590	312.47176570273064
456140	76.8881638029172
209483	58.59354038808109
11312	621.0928746672416
107787	128.11265568054367
455982	75.51466990046353
347380	676.0207324709057
185941	825.6542385124358
335648	788.5968475318538
13978	63.63544749173573
269411	554.4254895191419
466272	809.6505893134815
203476	738.3654239039356
116046	144.55781932205275
345022	560.4361115591762
420120	345.6274031135854
105900	792.2283505457274
511869	640.2810988860699
27187	752.0911917813193
292894	329.3225996182459
154568	876.3430020470346
504194	55.06616024770556
114554	773.3709969689324
248918	644.356669429271
388061	799.1230589569905
388825	789.4095984354205
220279	752.370161285883
470492	662.10533958839
6862	788.4583291452259
226745	49.47315317355088
399548	127.96458716039909
455906	731.8642846075974
424840	848.4256629486717
402078	249.57446641995736
98438	707.7356622979597
225861	490.660378992472
410892	692.3251844478661
263533	668.2274167216837
104617	863.6841433273955
21386	55.582198400191345
309328	631.3162919371805
352637	208.55193135211385
300010	212.0258468320193
146239	721.970591898999
94633	343.55674391113774
420901	804.7649045441368
160795	598.9277928851792
205571	759.1552002664902
124744	588.3625351811162
382730	804.3729509793222
109040	165.34793696103011
373599	590.4196380347553
47700	311.2192833742063
437671	634.826594742239
444087	882.423484748676
211010	44.4173521449531
442667	609.9116966429358
327214	709.4163521509364
116125	563.0560860356958
153914	131.4113395918829
233863	354.7273888085867
452400	686.6674826905434
167735	810.6575569157475
289656	79.27741224351139
268215	887.7639957021316
224150	434.95358636841854
272619	546.8622444004061
271945	266.5270075930108
462103	296.3939587599259
398293	510.482084063951
483271	348.3182864745163
475244	610.3274359725668
197907	401.29673210458265
235877	312.4523570437154
286506	671.8835484407344
34578	458.7029134399309
264737	96.48327700220743
252930	580.0908516332394
396479	784.880687615717
217575	193.58480305509204
119950	529.757526758605
255427	93.74426045027151
513870	736.1128358087138
111543	923.1897981956755
43366	655.3633090402225
240208	799.9012364862307
57074	135.36833531286203
311167	229.47563726557593
99538	816.6421875236299
180617	568.1099215787284
450392	234.25022545294502
352982	82.87293003550086
426320	403.3802917204636
214885	307.27502452348557
391556	122.8416460767475
466631	585.7275026194533
193174	109.9766129907794
304993	486.9625837818542
172093	429.05264600339865
172508	721.1797911334356
181533	510.6945937314091
342363	630.6363309394578
172888	740.6649775143247
435151	424.4876474824374
459794	107.6178486385511
58886	569.8520336965646
464932	508.588768272966
301396	460.306489576813
31715	478.9298349689981
288315	850.5475718853687
484041	906.9034797186845
298543	707.2896791120419
349553	80.99055111289333
112801	474.2306509812218
276685	960.0745255178505
353895	586.2841201229442
154990	781.0849223852837
299601	86.49605938145301
304952	842.4030893620718
241116	159.7487672729594
508458	159.67365803546738
187854	795.0049017111031
207182	801.7548243841773
196114	653.0017729504777
474062	687.568827853527
443165	598.9643210535834
196575	822.6126728320021
282136	730.320929685927
432264	140.86261064293615
252592	861.7745756767447
489981	163.6974510723906
168790	503.2314067687833
415038	131.61318423117854
492410	354.2037641214729
383604	764.9105428820177
67495	272.0839520588864
3635	262.9450540189938
312064	879.3327937095755
304350	678.0472979716196
97897	570.5552441135861
203152	507.8509784460943
98331	579.4045007333498
282530	736.1561378628373
146945	221.74570782158682
58421	259.5098036669665
167762	842.7283061278617
463366	641.3905798820634
60928	731.54144806592
312067	775.0900611514114
496700	845.1435179174721
90644	696.067640333405
372782	680.112506052503
210625	796.6470087339006
248529	707.6799584371396
24835	811.26124706214
456582	284.0810085594044
506883	382.02942891261387
344158	716.3696958295895
41288	190.2146170137724
320808	442.6094662115603
372566	480.4225884404157
229236	593.1738752331509
63901	505.60361299301945
265054	492.08899115641447
98508	802.1904863556148
245760	614.4809545911589
474529	10.219855442076858
114781	764.4495834131301
125212	57.110121128153686
304898	138.2062924211659
511084	868.0830412309016
123615	788.4757665482738
386154	617.4016081949958
320691	623.3135512275012
382318	591.9235653804519
179696	771.7163786979406
379133	274.1308864030035
9832	726.6344328885266
242382	520.6564844426017
110694	667.8981546166611
167251	413.3844426530122
250190	162.6823317388093
443856	795.8478004465163
238559	428.31540656444554
56660	653.8153717759365
512542	598.7661321308049
484371	692.5796502280473
307271	280.774655502463
326871	111.47527090811039
55251	870.0594676023186
58660	842.7426148489725
477698	264.0653938546107
31306	69.37903927537982
395712	795.02683129014
439961	265.69778587025434
515013	833.0957386415109
371767	134.6067469516996
320706	489.6484821786813
423031	223.68957026198368
176547	427.08909932890003
159367	603.1911961941506
376489	343.279082608753
391069	695.0058367374431
435031	584.618192715539
11880	766.5829441012439
27344	640.3602944489327
297690	909.7063925849051
1668	808.8276037405947
316605	6.663026878640359
283626	663.2284595965594
445544	594.0585745281007
176145	845.297570791958
155031	54.838395908385934
192964	782.7845160234344
193905	66.59132804803382
2560	329.2886977435805
424562	806.9799130507768
195574	843.5079756987877
258807	848.5325196446644
118967	818.5952859328347
295561	101.26257674561047
339250	475.58673472408503
429611	471.3056908539441
491077	853.8959529801213
324866	315.67100346017133
97001	763.2994189471958
29992	73.34180936607856
157357	369.21229662427504
481091	736.0905173054911
510583	756.3384787348938
93818	767.8480199264716
201364	21.554340320366208
316596	61.23625727589477
408602	489.6957608858957
135183	664.0615831781002
379390	707.776100813616
17573	703.2779790130709
410250	781.3235428998158
396877	323.9483463384738
189357	154.00904670567968
378430	794.9942753193483
116527	548.7667662207947
321090	684.5177730630954
270618	155.29351481335465
467374	720.8679133848568
107689	132.0474586711994
280738	688.7267672849114
135551	269.85473369570707
50113	825.0610761803619
351041	407.15582291063316
90999	811.6721544982739
493321	504.5318008661546
174680	192.22646637969865
281173	396.36901776174165
343279	667.4120970187807
376297	383.12958747988995
135882	385.69475451117785
497925	825.560993829889
447840	667.5171501245396
76844	88.92315861720441
12617	312.6879355051393
454115	289.4266652992547
128088	553.1943039543545
218852	790.230035183735
264623	705.271755199172
359911	453.5704549033444
326877	271.0440223276327
459327	451.0418411708211
350201	478.33615926134365
452941	646.2456099807052
466545	103.4014222748938
391100	687.6992026950865
427188	723.2877718894792
70413	636.194538950306
418125	614.5348682074241
77236	799.1536289056124
152844	694.2992445034824
453801	391.5063827527981
456122	174.89895147510893
450396	77.44335595391179
43108	381.4625699372962
333879	746.6145160896922
434791	237.20348035549642
47411	680.106915020168
322675	210.05974896315146
131153	113.71337754998837
177668	637.5280114129255
213825	675.11710787301
144354	355.21611054172223
268454	84.28012665964495
244813	128.88612908386426
110824	871.7086353909503
69119	655.004135458786
507810	298.79781454090636
26427	83.41574225672277
459857	161.7937101581306
269854	462.6000544128325
440883	820.1967883507701
22305	847.6209453670451
492569	855.3194152267666
355987	573.7112281198184
460497	527.3557711018988
316154	656.3373687460195
238851	737.6250698570797
65911	677.1021239892278
238125	533.4491179372967
8389	818.8684713887837
101512	574.8577791461773
387536	603.6447004784117
42582	145.97436984537364
55373	836.0740455267558
306201	525.6008004835902
59120	648.7487564315203
480030	527.250623441409
180809	763.5132966025224
92070	337.83830285406003
19392	804.3972665237795
426302	439.13135145695344
438575	718.7073137429328
5878	288.2833334230718
318633	807.6450915440824
232267	703.3580274348051
285958	607.2820399099506
404316	803.5198983024065
293048	357.42644573266614
311617	513.4799289549194
235564	131.85919174910345
418099	726.670036932674
215501	517.9037638387442
200591	347.93338024634267
11570	7.423780591028173
460917	40.24079771818473
236508	584.8844286410753
350597	638.9955087781402
123651	869.4032898686432
168784	132.0437921980719
332194	439.40685460341626
104276	426.71019949194374
276359	899.3926905461029
329918	777.5185222091402
168532	754.5174497673648
442055	211.82863740428095
255233	480.02840495639134
246797	132.58665760405967
355432	10.18537633509918
405925	91.88452125210175
207431	847.706964103704
128228	158.18577516449344
162692	653.3774394272114
368263	121.72624215495269
416444	44.294237760424906
342312	825.8765574116001
485909	643.9192222186731
388899	695.1477156952777
104056	318.71884196992033
68950	724.505325676104
424255	871.2441385086327
378336	815.6507197644152
104366	919.5769892113861
294468	626.2798296286564
428491	704.8389326634053
223863	395.7381123403015
325348	496.64531761826913
51833	819.4662297813129
33884	608.2713370906883
234194	506.03394625817066
407984	819.0783435953399
458458	738.904817383857
244806	703.315133904973
489746	529.2836306955188
324173	774.2271305472223
74462	748.7831764562311
49001	139.24455095243167
267883	182.97238218311472
117178	710.8083144368685
157182	841.611118258853
183511	607.9792307214757
386964	790.0469334941495
251618	783.348760851463
224022	843.1923526341265
165903	590.3495459128503
170584	676.8289337801546
508909	346.06381008473784
113343	86.28215995814614
260561	197.21688667903618
193897	52.080719793909914
135229	467.23356392459795
328800	390.44969346363104
333767	614.2788558729261
139412	312.16932203597963
153544	172.2113560587886
461340	51.39998248672296
378284	763.3457186876652
289552	403.6374794244894
79613	816.7280972957027
1967	661.6037408613948
131351	635.7782714063827
86797	690.9077127151559
486315	631.691616407865
173742	328.53696238364626
19369	792.1650362682304
169046	915.25247357804
191544	13.96168345658949
210052	321.76476314934155
268758	913.1757601430182
333489	20.91335769728646
354674	820.9178706774674
337224	173.60095523403805
17872	762.3196832307544
161205	608.9892609071186
315151	568.7045878142068
233816	508.70059023592967
2295	126.51266906310728
503485	291.9884837752276
380024	198.65264709413592
277419	785.4048510746252
268304	675.3211971666576
278679	682.4780624232044
506087	605.3616017832705
123682	60.43684241271103
94193	372.3693798527107
136386	732.8161912881051
510434	287.992004863747
405027	35.45185799450498
341558	209.22373569097417
418507	951.8927324186567
100292	551.4872464538008
482037	680.6820441716941
347972	79.99688727830394
53080	763.6619582064981
73735	38.67993284065108
372509	257.2726128991612
269955	216.52658701870425
337118	190.89162066817207
320527	759.4241111688876
174909	369.10621231696
441017	93.79354537277938
138115	242.2048874979334
491781	49.09179881501867
221057	506.5267200458918
233689	301.0691385029489
466065	99.4619855604061
348073	638.2717537341397
344041	723.482722974799
296251	340.18697722654633
53758	104.39433644998964
166496	320.84130616347875
320443	73.55122639527481
8593	679.4061117398036
30923	367.34741065157624
112554	341.5786897652609
178220	310.0704468886301
252566	817.0162543025504
325110	414.03299560336546
247942	459.82859448598106
480156	766.8927517139181
123714	471.2658264902825
55103	824.233031414037
437717	692.3646914009105
94731	377.97463300388875
144590	771.3318843092208
14409	124.18814357849618
180917	597.054210990289
47868	636.1846220600207
46711	859.5503522664521
410385	15.990230059459686
258163	370.0338817150729
65908	546.6966835720347
45494	875.7230227568904
505611	910.6282777279054
191289	676.0935641685892
510670	724.2377074856604
202832	555.8120814245717
377066	830.3709498873791
108024	336.9710745870334
7681	896.8169579091772
461780	114.10365406339358
487337	641.0305250143433
470738	427.1835437257279
306758	771.4288624085272
287299	38.0037241266365
491252	158.08954898296446
397514	206.8282525521633
417908	158.2782047155848
54339	435.7360354424099
438244	556.4400667587498
124381	607.6929770300466
467681	59.02939732007199
321698	205.23078368699558
49378	910.6924884306652
295815	524.9972499073305
142132	764.3814250096124
334885	44.95709036564864
54626	702.6832551609662
345813	747.4751822471494
72110	159.4258465077691
267563	281.1424930735337
247887	156.6910269930761
293673	774.051869343951
339480	189.04172734405512
28571	480.55305855893005
110876	758.1739233859952
388098	305.03705863341605
302436	30.757158032628283
480229	666.7900587127091
212689	672.453794069584
60171	132.67315705783207
188232	8.677945484531445
89445	38.81155869430731
261677	116.23915152179835
329721	624.0063174451669
8329	835.640235510279
349875	542.4502010529096
292018	742.9254692577234
455300	850.337983247266
457777	905.1073696246916
295256	441.4143601744612
405684	709.9179223945068
34610	793.2034036795785
400295	477.7178924554366
350384	694.4712995303294
178245	418.50086731815946
449408	201.33786260796603
103259	447.9540130450616
341958	747.8706234336087
470369	205.97336022732384
39398	691.3784925878982
150934	770.1243781780856
405168	676.9905249861353
227100	565.8424968512448
256604	775.8816057689279
121825	408.8869547806979
213966	278.0348619976482
24385	363.3152974286518
452599	704.4611565180196
224461	73.5798087606805
506467	382.3437807162026
509419	657.3884968388359
467863	810.0783598811054
411198	74.14048895620036
423572	69.81672359921731
194114	435.4931762785079
68267	697.8032953135815
107962	529.3164168443997
456842	821.2214461321599
170215	348.2098719644866
240002	50.469865752394256
104408	194.17068038444197
428098	709.3497363449814
33236	629.6205967827663
153452	781.2945551478275
368254	81.78068269566221
123788	740.8599140275352
167601	653.852215160756
172772	82.85289941040173
291162	832.7129889635665
39579	603.131643718525
3178	695.2732765570457
270746	238.03277784359915
226716	162.26036264861742
244479	190.59673504181922
180327	692.9615627471602
44498	827.0306334239638
230996	272.85039269651946
465882	769.7732305571143
350641	433.3472884264329
116927	581.6792530713075
330447	859.0550280215923
307868	859.8248779546079
348860	773.7065651665508
322571	264.15323936436374
424514	685.1273192454986
160646	261.19622058299774
376347	212.50064089447918
302400	619.9558687764913
333256	819.6565171144953
351130	753.1196563163741
42416	322.11631260673863
58383	117.85998500227618
147125	724.8903053191018
162192	59.95571134832118
113531	692.7894075355881
356494	388.07917783994503
378074	522.8137329785654
386875	853.0009397265623
276666	275.27556112162824
45696	846.1684715159402
301339	377.2086365945871
460129	597.8784034747995
425500	863.8838551496557
217592	648.3097924250557
131442	7.579265552572895
252747	507.4282964335531
326699	674.9704726336294
435228	674.8315953031432
28335	171.6249548811626
112914	765.1463609482109
56398	15.56463489169066
154201	166.52250024673793
166	404.16023978274217
142850	796.3227535120365
412253	385.68079002514474
437808	832.5278844271904
194010	721.4652004235008
67610	857.1145628181845
45902	708.2050365579302
337256	70.17579048869847
276257	774.5923121158934
810	813.6092043719007
348531	159.68243687640827
347957	169.76854582185763
206355	440.596892120235
308938	225.89414209777593
237953	437.6556398669998
356963	819.6273037779949
129681	15.668353896260635
463574	498.1642170724633
160257	424.60423777325155
120768	178.8727960383054
192049	719.3083803665758
304233	651.8269997607663
501090	723.2305027288547
463335	753.1177095820489
381684	828.7974637904301
362194	314.0846461226443
48981	761.3074583397496
400615	137.4959530640932
416730	746.029414521243
303431	586.5669146599572
64035	862.9983190901655
275425	648.9069299215221
273711	637.2208673726785
470651	826.1155362762992
297862	783.7932174675433
435264	648.6890786495024
430240	6.108899492788643
162018	857.6530937645084
401003	857.9382140783222
507661	778.9889500631074
204876	836.9065635303851
169449	819.640812180208
248774	837.3030172281264
148884	253.4119996772447
87982	525.8167107055317
252018	877.786901095937
30309	377.9421339085388
93717	67.06696798383373
385718	239.64361185124665
440551	255.092557759548
424161	760.950107711512
160681	634.7975664705276
357742	181.14499763939787
394166	872.4356489659357
189769	73.91844672463247
395074	55.474936182987165
326190	45.64042410871126
336037	31.0079787273834
358485	222.33723293442452
103176	509.7522841544478
113015	671.6814926293218
74898	620.0028216651931
299465	548.7468771437916
503011	754.2838816812265
3728	81.72749701575847
115294	886.8762703473292
377771	346.97700738855247
129718	731.811234544746
211026	759.612824052838
196326	322.7600357526259
461563	171.68829282221532
153923	876.7313652425432
510711	144.97101153360197
293201	379.5028717705675
273447	141.59839553008865
249428	290.86743083349864
82458	715.8837863626894
195349	607.4319904922371
488990	713.0911128842678
37732	579.4901149663983
488319	542.2498269968557
326226	808.1030623069729
446297	756.8953641595057
509796	684.0782872866528
387515	493.289920087432
341372	558.3052032438382
31006	405.33342547100165
214283	728.2369075872112
244897	558.8325750024538
255340	249.77457878658637
510722	694.8808336037414
374823	608.5328263977461
273205	709.1931103023314
252168	743.1626613334346
93725	95.9270524882103
225984	831.5323638454229
413210	57.093953757734944
279665	339.37295650661804
84084	613.7143216726171
396711	64.70984405103064
250548	534.405677815123
381111	492.59671240343647
238019	716.5910702497417
121430	664.5658965765846
6264	30.3864523594783
187847	173.4005517235142
410037	348.7115910720337
145879	839.9627973053892
131592	865.8481238638357
123522	870.1719003015414
434834	566.0674378648042
353910	718.9237869801378
114186	471.49438327898133
252293	270.4323907968161
413947	231.66259724041672
286720	819.4934027621891
240184	628.1468119754863
96494	938.1553167278871
144798	495.15431415230796
507520	207.64701162322797
253354	35.48944402263414
73731	77.85948838713465
338729	806.3863026806346
490763	463.8412378200804
371978	794.8658789858013
104628	217.09197969228882
144813	606.1079716445114
76075	95.25389718262608
237388	614.9266752402178
167733	856.7210473541503
236369	645.5635922044837
263477	49.29847840202937
292912	789.1547301117328
119103	492.64759273115305
245847	659.2489479721162
352548	272.1865151301485
497146	631.4153058855758
403769	282.69421191621456
285291	801.9497507324609
393443	921.6469821254734
367546	105.0307894011291
326119	832.5663085166855
309237	316.72262348722916
413847	732.7916726351318
304230	774.5905848628285
435551	454.8870476102258
179565	212.21747883235867
429568	688.1052819806263
121977	666.8407516599628
297659	249.72983721997508
155978	295.10859881220074
101826	104.23618655360627
461700	716.9136099979031
423650	413.0251691022789
471614	329.71305130564684
357620	76.60327900602589
509265	830.2580166292246
134330	840.3395359094984
56886	201.594405330496
400337	647.822769600553
478503	693.8561413252567
125964	295.2600344674749
251917	794.464120049608
287008	617.463701152706
407266	393.4392248886704
332005	45.19455813826526
244270	782.4550543573655
390834	910.0342987095119
318648	773.3665729458226
233778	49.47996494013583
179006	680.2375879746327
445506	391.89203591263663
14764	807.8952272562434
183731	576.5473780496433
